subject_id	Left-Lateral-Ventricle	Left-Inf-Lat-Vent	Left-Cerebellum-White-Matter	Left-Cerebellum-Cortex	Left-Thalamus	Left-Caudate	Left-Putamen	Left-Pallidum	3rd-Ventricle	4th-Ventricle	Brain-Stem	Left-Hippocampus	Left-Amygdala	CSF	Left-Accumbens-area	Left-VentralDC	Left-vessel	Left-choroid-plexus	Right-Lateral-Ventricle	Right-Inf-Lat-Vent	Right-Cerebellum-White-Matter	Right-Cerebellum-Cortex	Right-Thalamus	Right-Caudate	Right-Putamen	Right-Pallidum	Right-Hippocampus	Right-Amygdala	Right-Accumbens-area	Right-VentralDC	Right-vessel	Right-choroid-plexus	5th-Ventricle	WM-hypointensities	Left-WM-hypointensities	Right-WM-hypointensities	non-WM-hypointensities	Left-non-WM-hypointensities	Right-non-WM-hypointensities	Optic-Chiasm	CC_Posterior	CC_Mid_Posterior	CC_Central	CC_Mid_Anterior	CC_Anterior	BrainSegVol	BrainSegVolNotVent	lhCortexVol	rhCortexVol	CortexVol	lhCerebralWhiteMatterVol	rhCerebralWhiteMatterVol	CerebralWhiteMatterVol	SubCortGrayVol	TotalGrayVol	SupraTentorialVol	SupraTentorialVolNotVent	MaskVol	BrainSegVol-to-eTIV	MaskVol-to-eTIV	lhSurfaceHoles	rhSurfaceHoles	SurfaceHoles	EstimatedTotalIntraCranialVol	SegmentedTotalIntracranialVol
sub-0010011	4813.7	785.8	9892.7	45860.8	6487.5	3429.7	5657.9	1606.1	705.3	1305.9	14290.4	3542.4	1391.8	225109.0	669.5	3165.0	0.0	0.0	8136.1	500.7	10256.0	47377.4	6906.1	3521.9	5430.8	1463.4	3371.3	1485.0	721.5	3093.4	0.0	0.0	0.0	6.4	0.0	0.0	0.0	0.0	0.0	0.0	741.1	470.3	729.0	513.6	986.0	1239942.0	992979.0	230747.563996	240153.700394	470901.26439	186318.0	195465.0	381783.0	54230.0	619944.26439	1125111.0	878148.0	1290730.0	0.906128	0.943243	45.0	39.0	84.0	1368395.949419	0.0
sub-6568351	5304.9	418.0	12851.3	60354.1	6557.8	3832.1	5498.3	1498.4	763.9	2403.8	14267.1	3600.0	1525.1	217725.9	666.7	3303.0	0.0	0.0	6497.2	425.1	12628.8	62925.3	6185.9	3957.2	5408.1	1431.6	3771.6	1561.9	741.0	2990.2	0.0	0.0	0.0	6.7	0.0	0.0	0.0	0.0	0.0	0.0	808.6	608.4	608.1	443.4	797.0	1300988.0	1062350.0	261701.830518	257759.372089	519461.202608	182896.5	184493.5	367390.0	54455.0	699486.202608	1150793.0	912155.0	1383160.0	0.922008	0.980244	43.0	40.0	83.0	1411036.945659	0.0
sub-0010029	9169.5	632.3	13238.4	55460.8	6471.6	4523.3	6335.9	1977.4	1161.6	3188.5	18919.7	4253.2	1621.4	249863.4	593.2	4033.0	0.0	0.0	6794.6	557.8	13269.7	53498.2	6523.9	4581.2	6200.6	1788.6	4329.6	1761.6	664.0	3761.7	0.0	0.0	0.0	83.5	0.0	0.0	0.0	0.0	0.0	0.0	919.3	510.0	652.8	401.2	939.6	1403019.0	1126028.0	266428.921334	261641.459787	528070.381121	212991.0	210274.0	423265.0	61458.0	701645.381121	1265397.0	988406.0	1449822.0	0.924815	0.955665	28.0	49.0	77.0	1517081.108782	0.0
sub-0010027	5143.7	632.3	11137.3	47115.4	6769.7	4062.3	5733.6	1574.8	524.0	1158.3	15457.1	3879.6	1383.0	239334.0	723.0	2917.9	0.0	0.0	4091.2	592.0	11396.6	47140.1	7042.5	4303.2	6005.8	1611.8	3783.1	1380.1	756.8	2931.5	0.0	0.0	0.0	3.3	0.0	0.0	0.0	0.0	0.0	0.0	841.3	702.1	488.7	696.9	850.6	1318447.0	1061340.0	262703.017703	258158.727902	520861.745606	196067.5	196042.5	392110.0	56926.0	675158.745606	1199599.0	942492.0	1408048.0	0.87945	0.939217	77.0	84.0	161.0	1499172.6222	0.0
sub-7333005	4499.2	681.2	15137.2	63323.7	8509.2	4692.6	6204.7	2005.6	931.3	1852.5	19914.0	4405.6	1880.4	264631.6	750.8	4013.1	0.0	0.0	5433.1	560.6	14500.5	61177.4	8418.9	4724.2	6140.2	1891.2	4441.2	1969.4	741.1	3992.1	0.0	0.0	0.0	4.7	0.0	0.0	0.0	0.0	0.0	0.0	715.5	468.5	668.0	667.5	732.6	1509037.0	1221867.0	298079.535287	299711.595599	597791.130886	209757.5	214975.5	424733.0	66715.0	792177.130886	1352547.0	1065377.0	1601536.0	0.906744	0.962324	22.0	12.0	34.0	1664237.227948	0.0
sub-0010073	7199.9	672.3	15574.8	62408.3	8156.8	4700.1	6005.4	1919.4	996.2	2227.5	21631.5	4805.5	2064.4	271587.7	565.1	4498.7	0.0	0.0	7030.8	698.6	15470.6	59316.0	7647.8	4766.3	6025.0	2093.7	4613.0	1869.2	625.9	4174.3	0.0	0.0	0.0	9.5	0.0	0.0	0.0	0.0	0.0	0.0	999.5	583.2	603.0	514.7	1011.6	1581194.0	1285196.0	288091.751126	286309.974107	574401.725233	260071.0	264225.0	524296.0	67078.0	765672.725233	1426219.0	1130221.0	1640591.0	0.922025	0.95666	37.0	41.0	78.0	1714915.098625	0.0
sub-0010080	11560.1	764.1	16638.9	58896.2	7053.3	3861.2	5576.7	1995.4	827.2	1764.0	20645.0	4840.1	1731.6	285111.1	659.2	4142.3	0.0	0.0	15952.8	606.7	16251.3	60194.0	7236.2	3985.0	5448.0	1808.6	4922.6	1813.6	673.4	4092.5	0.0	0.0	0.0	7.2	0.0	0.0	0.0	0.0	0.0	0.0	955.7	593.0	842.4	544.2	1061.7	1436875.0	1116192.0	242114.843224	243735.397107	485850.240331	217277.5	220552.5	437830.0	61974.0	670735.240331	1282152.0	961469.0	1496897.0	0.928453	0.967237	33.0	34.0	67.0	1547601.309612	0.0
sub-0010042	5558.9	751.7	15202.6	62970.6	7827.2	4092.1	6346.1	1879.9	739.9	2661.8	19564.1	4049.4	1789.9	243601.9	863.0	3899.9	0.0	0.0	4252.0	658.8	15629.1	62325.1	7329.9	4265.5	6201.4	1752.2	4555.0	1814.5	775.7	3671.3	0.0	0.0	0.0	63.0	0.0	0.0	0.0	0.0	0.0	0.0	979.2	653.8	680.3	613.7	1017.0	1568544.0	1304192.0	302267.652252	299978.679373	602246.331625	263062.5	258846.5	521909.0	63158.0	793919.331625	1410282.0	1145930.0	1614991.0	0.926234	0.953661	56.0	58.0	114.0	1693464.574011	0.0
sub-1177160	7793.4	447.5	13483.3	59141.8	6995.5	3743.8	5741.5	1766.7	1147.2	2168.8	17586.4	3595.1	1726.4	254685.6	688.7	3971.9	0.0	0.0	4446.1	498.3	12691.6	57509.4	6998.5	3952.0	5715.7	1701.7	4243.8	1774.5	703.5	3922.5	0.0	0.0	0.0	2.6	0.0	0.0	0.0	0.0	0.0	0.0	883.4	392.6	586.6	814.0	716.4	1414201.0	1135375.0	286578.228766	283553.060797	570131.289563	199511.0	199321.0	398832.0	59221.0	748156.289563	1270020.0	991194.0	1500473.0	0.924209	0.98059	22.0	32.0	54.0	1530173.748793	0.0
sub-4060823	7432.4	748.3	16067.8	62527.4	7488.5	4156.7	6009.4	1991.2	835.9	2655.2	20290.7	4592.2	1746.9	235017.1	648.7	4189.9	0.0	0.0	7239.8	674.5	14890.8	61462.0	7192.7	4337.1	6208.3	1786.3	4617.0	1778.3	661.0	3974.4	0.0	0.0	0.0	16.2	0.0	0.0	0.0	0.0	0.0	0.0	1022.1	620.5	781.8	502.4	1093.8	1415546.0	1155264.0	263741.906237	265843.227426	529585.133663	219007.0	219981.0	438988.0	63540.0	720777.133663	1258004.0	997722.0	1482824.0	0.918278	0.961922	41.0	43.0	84.0	1541521.791743	0.0
sub-1023964	4615.6	818.8	14483.3	65181.8	6804.0	4537.6	6045.6	1876.3	708.6	1710.7	18217.5	4032.0	1500.5	248433.0	667.9	3593.7	0.0	0.0	4819.3	698.7	14176.1	63379.5	6832.3	4721.9	6040.3	1748.9	4063.8	1780.8	611.6	3453.0	0.0	0.0	0.0	2.9	0.0	0.0	0.0	0.0	0.0	0.0	824.5	545.2	445.6	408.7	783.5	1418168.0	1150402.0	285801.195562	286894.976143	572696.171705	193808.5	197398.5	391207.0	59815.0	763814.171705	1259178.0	991412.0	1463173.0	0.930026	0.95954	49.0	67.0	116.0	1524869.286237	0.0
sub-2741068	5709.4	517.3	14887.4	70318.8	7299.1	4603.8	5510.5	1746.0	689.0	1916.6	16972.0	4429.5	1665.4	278599.5	689.6	3802.4	0.0	0.0	4775.8	526.6	14959.7	69304.2	7145.2	4932.4	5563.8	1621.6	4309.4	1720.2	650.3	3675.0	0.0	0.0	0.0	108.5	0.0	0.0	0.0	0.0	0.0	0.0	876.6	497.2	683.2	489.9	1064.9	1530711.0	1232242.0	309353.857496	304820.450046	614174.307542	210470.5	211005.5	421476.0	61476.0	818308.307542	1358931.0	1060462.0	1609638.0	0.923141	0.97074	46.0	35.0	81.0	1658155.072914	0.0
sub-0010010	3494.2	682.8	14809.8	67180.4	8794.2	4621.4	6752.3	1998.7	857.5	2083.8	19484.2	5045.4	2011.3	276953.2	805.9	4214.8	0.0	0.0	3581.8	746.7	13954.0	62860.7	8422.7	4767.4	6714.6	1882.5	4892.6	2019.5	818.9	4225.7	0.0	0.0	0.0	15.4	0.0	0.0	0.0	0.0	0.0	0.0	874.8	463.4	748.8	901.4	683.5	1635447.0	1340866.0	327789.483735	323755.781514	651545.265249	249194.5	248249.5	497444.0	70125.0	854611.265249	1474631.0	1180050.0	1714352.0	0.896625	0.939885	46.0	35.0	81.0	1824002.376112	0.0
sub-2983819	4952.6	734.2	13113.1	50991.5	6958.0	4672.0	5983.2	1619.6	665.5	1731.9	18984.6	4398.5	1569.9	272126.2	730.1	3552.0	0.0	0.0	4351.6	724.4	13481.6	50924.7	6720.1	4995.9	6062.8	1664.6	4540.0	1654.2	703.2	3854.1	0.0	0.0	0.0	34.5	0.0	0.0	0.0	0.0	0.0	0.0	1155.1	665.8	939.6	615.3	1328.7	1414540.0	1125460.0	267687.136078	267828.828141	535515.964219	210340.0	211834.0	422174.0	61598.0	702933.964219	1283303.0	994223.0	1465557.0	0.930265	0.963816	27.0	28.0	55.0	1520578.234291	0.0
sub-0010043	6341.3	599.6	11873.3	58635.5	6158.3	3310.5	5672.6	1646.3	983.1	1485.7	13023.5	3721.2	1348.9	229750.1	526.3	3203.2	0.0	0.0	5194.3	698.0	13081.3	56835.2	5936.7	3214.6	5540.4	1504.7	3621.7	1351.4	567.0	3251.8	0.0	0.0	0.0	143.1	0.0	0.0	0.0	0.0	0.0	0.0	576.9	354.2	471.8	380.3	675.9	1174050.0	923022.0	225114.436207	222006.834057	447121.270264	155914.5	153504.5	309419.0	52114.0	616554.270264	1032608.0	781580.0	1261474.0	0.903485	0.970761	66.0	59.0	125.0	1299468.812469	0.0
sub-0010081	7774.0	501.5	14385.5	54261.8	7010.3	4106.5	5533.3	1708.0	1092.8	2994.7	20390.8	4379.0	1652.8	263221.8	617.4	4024.8	0.0	0.0	8212.6	545.9	14186.7	53675.8	6997.5	4188.9	5472.2	1584.6	4376.5	1812.2	588.5	3899.3	0.0	0.0	0.0	2.8	0.0	0.0	0.0	0.0	0.0	0.0	968.5	494.4	468.7	519.2	876.4	1372987.0	1084831.0	245873.865435	246279.533134	492153.398569	206055.5	205930.5	411986.0	59926.0	663939.398569	1233787.0	945631.0	1440502.0	0.926008	0.971544	30.0	27.0	57.0	1482693.87954	0.0
sub-0010075	3501.8	532.2	12647.4	57374.7	7929.2	4067.1	6022.9	1662.9	840.5	1785.4	18600.0	4539.5	1688.9	253475.3	711.4	3829.5	0.0	0.0	3205.5	526.5	13134.4	57454.5	7936.1	3997.6	6035.8	1640.2	4692.8	1779.0	702.9	4007.7	0.0	0.0	0.0	140.6	0.0	0.0	0.0	0.0	0.0	0.0	873.7	402.3	692.9	441.9	1034.3	1473198.0	1204306.0	286990.234261	293144.643608	580134.877869	223229.0	225218.0	448447.0	62960.0	761197.877869	1330055.0	1061163.0	1516144.0	0.923333	0.95025	62.0	51.0	113.0	1595521.029088	0.0
sub-0010072	2877.4	530.9	12526.0	54397.2	6767.2	4024.3	5727.9	1600.8	669.7	1258.8	15877.5	3918.8	1492.4	242137.1	695.0	3360.7	0.0	0.0	2829.5	504.6	12095.8	54925.8	6827.6	3971.1	5544.2	1472.1	4126.1	1871.1	759.9	3582.0	0.0	0.0	0.0	20.3	0.0	0.0	0.0	0.0	0.0	0.0	763.9	385.8	566.1	465.0	766.8	1317021.0	1060495.0	265456.514196	266591.435812	532047.950008	180307.0	180944.0	361251.0	57197.0	701976.950008	1180722.0	924196.0	1363579.0	0.915916	0.948294	70.0	67.0	137.0	1437928.227948	0.0
sub-6953386	4104.9	533.8	13475.4	60072.6	8957.1	4003.1	6535.4	1910.6	845.8	2452.9	21504.4	4381.1	1809.6	279887.7	682.2	4314.5	0.0	0.0	3812.9	675.6	13273.3	59179.6	8915.4	4213.9	6098.5	1797.7	4436.7	2000.8	681.4	4402.9	0.0	0.0	0.0	39.7	0.0	0.0	0.0	0.0	0.0	0.0	938.1	495.9	652.0	671.8	802.4	1610727.0	1306108.0	310586.283885	316383.41484	626969.698725	242758.0	244032.0	486790.0	67389.0	816907.698725	1462257.0	1157638.0	1659612.0	0.923038	0.951052	10.0	10.0	20.0	1745027.071629	0.0
sub-0010086	8243.3	764.6	17019.9	69355.0	7924.2	4718.4	7145.9	2225.0	912.1	2358.7	22576.1	4543.0	1690.9	249342.4	680.8	4535.9	0.0	0.0	6440.4	794.9	17065.5	66959.6	7801.5	4642.1	7106.7	2089.5	4426.4	1762.1	712.2	4514.6	0.0	0.0	0.0	3.9	0.0	0.0	0.0	0.0	0.0	0.0	927.2	608.2	890.6	526.1	1258.0	1490059.0	1216064.0	270746.759198	264477.875757	535224.634955	234003.5	233088.5	467092.0	68819.0	743489.634955	1317346.0	1043351.0	1561242.0	0.920673	0.964656	33.0	37.0	70.0	1618445.038774	0.0
sub-0021029	3993.9	596.0	12913.4	63695.9	7503.2	4784.1	6399.9	1903.4	630.2	1746.4	16024.6	4023.8	1615.6	247440.5	730.7	3570.8	0.0	0.0	3801.3	478.8	12208.1	55635.9	7156.6	4766.2	6150.6	1805.9	4217.6	1780.4	739.0	3686.0	0.0	0.0	0.0	5.7	0.0	0.0	0.0	0.0	0.0	0.0	875.8	350.1	684.3	458.1	998.8	1470859.0	1205309.0	293789.72149	295331.768049	589121.48954	218313.5	218356.5	436670.0	63159.0	774121.48954	1324324.0	1058774.0	1554748.0	0.913358	0.965451	43.0	45.0	88.0	1610385.680667	0.0
sub-0015027	7380.6	408.7	11874.2	54369.8	7764.0	3856.3	6423.0	1756.9	544.0	1557.2	20017.2	3838.0	1829.6	246797.5	781.1	4206.0	0.0	0.0	4899.2	433.6	12327.2	55833.3	6930.3	4001.9	6260.8	1676.3	4348.8	1848.1	761.8	4254.8	0.0	0.0	0.0	5.8	0.0	0.0	0.0	0.0	0.0	0.0	906.9	565.0	433.8	412.7	817.3	1369751.0	1093027.0	265094.260993	262670.250903	527764.511896	193256.5	189344.5	382601.0	62342.0	702970.511896	1233371.0	956647.0	1446111.0	0.942255	0.994783	7.0	12.0	19.0	1453695.183993	0.0
sub-8278680	4265.2	627.8	13237.3	57397.5	8371.7	4499.9	6662.1	2083.8	861.1	2434.2	20926.3	4277.9	1942.2	285515.4	738.5	4464.0	0.0	0.0	4292.4	913.9	13076.1	57189.0	8022.1	4687.0	6491.3	2020.5	4552.2	1795.8	689.5	4624.7	0.0	0.0	0.0	14.2	0.0	0.0	0.0	0.0	0.0	0.0	774.7	482.6	805.4	745.2	691.3	1558817.0	1251499.0	304609.894806	305409.348977	610019.243783	227307.5	226594.5	453902.0	67778.0	794732.243783	1416287.0	1108969.0	1647647.0	0.91621	0.968421	9.0	4.0	13.0	1701375.546748	0.0
sub-1771270	7434.9	525.7	14126.3	54917.7	6971.3	4277.8	5802.1	1755.7	708.3	2073.0	18304.5	4227.8	1875.9	217241.1	641.7	3735.5	0.0	0.0	6283.1	626.3	14373.8	57359.4	6920.1	4435.2	5943.5	1795.5	4468.6	1912.9	694.5	3770.9	0.0	0.0	0.0	187.6	0.0	0.0	0.0	0.0	0.0	0.0	815.3	502.5	705.3	721.1	790.4	1323055.0	1076727.0	247911.263576	251297.390696	499208.654272	200722.5	196752.5	397475.0	61052.0	675125.654272	1180546.0	934218.0	1400806.0	0.934566	0.989487	49.0	27.0	76.0	1415689.788946	0.0
sub-0021027	4062.9	511.7	12455.0	48582.7	7827.4	3481.9	5388.4	1700.7	732.2	2460.2	16295.4	4153.9	1653.3	293781.2	550.8	3563.5	0.0	0.0	3921.6	501.5	11944.0	48544.6	7554.2	3411.5	5264.9	1661.7	3912.7	1588.8	667.2	3508.0	0.0	0.0	0.0	1.0	0.0	0.0	0.0	0.0	0.0	0.0	783.1	402.4	610.6	645.6	698.9	1414504.0	1102722.0	266570.750585	269046.859922	535617.610507	207704.5	208276.5	415981.0	58413.0	694200.610507	1290673.0	978891.0	1456338.0	0.935645	0.963317	26.0	38.0	64.0	1511795.546128	0.0
sub-0010109	7810.4	648.8	15562.7	57482.0	7185.8	3381.3	6681.0	1865.6	767.6	2124.7	20268.6	4231.1	1686.0	270114.6	688.4	3798.6	0.0	0.0	13557.2	742.1	15068.9	56871.4	7095.9	3390.6	6541.2	1632.9	4243.9	1675.4	767.4	4009.0	0.0	0.0	0.0	7.1	0.0	0.0	0.0	0.0	0.0	0.0	999.3	424.3	523.2	409.1	960.9	1392182.0	1089593.0	249097.895424	250828.830887	499926.726312	202315.5	199604.5	401920.0	61128.0	678866.726312	1244635.0	942046.0	1456711.0	0.938107	0.98159	23.0	29.0	52.0	1484032.661677	0.0
sub-5302451	5056.8	512.6	12903.2	55881.0	9043.9	5747.0	7219.1	2095.1	653.4	2360.8	19886.9	4089.6	1697.1	272724.5	786.3	4163.2	0.0	0.0	5034.5	419.5	13658.9	55497.4	8709.4	5704.3	7149.7	1995.8	4156.7	1717.9	867.7	4266.1	0.0	0.0	0.0	5.5	0.0	0.0	0.0	0.0	0.0	0.0	1018.2	536.0	804.1	934.5	1011.9	1579650.0	1277949.0	306863.345033	306506.530067	613369.875099	238640.5	243682.5	482323.0	71521.0	799251.875099	1439536.0	1137835.0	1616844.0	0.929354	0.951236	17.0	21.0	38.0	1699729.632546	0.0
sub-3624598	4800.7	513.8	17491.2	62270.3	7699.8	4195.0	7028.3	2108.8	656.3	2981.8	22721.6	4398.3	1897.4	250485.4	734.3	4278.9	0.0	0.0	5137.8	489.8	16968.3	60563.0	6847.2	4160.4	6741.1	2128.8	4497.9	1935.9	856.8	4325.5	0.0	0.0	0.0	17.3	0.0	0.0	0.0	0.0	0.0	0.0	970.5	516.4	952.1	747.7	814.4	1469672.0	1195024.0	265219.548032	264904.688052	530124.236084	231393.0	230147.0	461540.0	65668.0	722129.236084	1309965.0	1035317.0	1584277.0	0.932845	1.005589	37.0	20.0	57.0	1575472.222988	0.0
sub-0016053	3433.6	467.1	15438.2	65491.1	9421.0	4924.3	7759.5	2083.9	709.4	1310.6	25128.4	5380.6	2359.5	259787.2	805.1	5064.5	0.0	0.0	4343.4	432.1	15329.4	67434.0	8811.5	5131.7	7581.3	2175.6	4915.0	2008.0	901.5	4817.5	0.0	0.0	0.0	7.3	0.0	0.0	0.0	0.0	0.0	0.0	768.0	439.2	629.3	674.5	692.3	1558483.0	1275969.0	302659.699231	306655.77102	609315.470251	224067.5	222325.5	446393.0	75914.0	821726.470251	1392361.0	1109847.0	1625892.0	0.914223	0.953766	34.0	36.0	70.0	1704708.253496	0.0
sub-0021042	3299.5	444.6	11822.3	51415.2	6025.0	3870.3	5450.3	1668.8	687.4	1334.9	15526.2	3978.6	1604.3	234352.7	587.4	3212.9	0.0	0.0	3635.4	431.0	11411.8	52662.6	6192.4	3722.2	5413.9	1569.5	4010.7	1650.0	649.6	3096.0	0.0	0.0	0.0	72.3	0.0	0.0	0.0	0.0	0.0	0.0	828.7	362.3	596.5	479.2	912.3	1270116.0	1020767.0	250554.588607	242724.207068	493278.795675	184700.0	179364.0	364064.0	54522.0	654561.795675	1140736.0	891387.0	1336978.0	0.914741	0.962895	34.0	25.0	59.0	1388498.549421	0.0
sub-2950754	15636.0	725.6	15811.1	70279.0	8645.5	4671.8	7530.7	2282.0	1023.6	2291.5	23945.1	4123.2	2228.2	285119.3	859.8	4650.6	0.0	0.0	13101.1	313.8	15284.5	70071.6	8458.6	4822.3	7148.2	2074.0	4929.3	2031.8	875.1	4798.0	0.0	0.0	0.0	4.0	0.0	0.0	0.0	0.0	0.0	0.0	1060.3	565.9	656.4	845.5	880.6	1740791.0	1412537.0	339696.130198	341591.173227	681287.303426	260282.5	260650.5	520933.0	71964.0	896163.303426	1567570.0	1239316.0	1853396.0	0.914904	0.974085	26.0	21.0	47.0	1902704.11979	0.0
sub-1050345	5361.0	605.2	15958.6	66983.8	8262.1	4369.4	6362.8	1781.6	1012.6	3064.0	21541.1	4535.1	1846.0	308315.2	702.7	4405.9	0.0	0.0	5324.9	540.2	15630.4	68878.3	7489.4	4182.9	6025.7	1717.6	4671.6	2103.4	693.4	4309.3	0.0	0.0	0.0	16.4	0.0	0.0	0.0	0.0	0.0	0.0	785.0	301.0	374.2	363.4	721.1	1601839.0	1277708.0	304718.32027	297870.172554	602588.492824	232754.5	227607.5	460362.0	65655.0	807292.492824	1432354.0	1108223.0	1693431.0	0.937177	0.990764	42.0	23.0	65.0	1709217.929732	0.0
sub-3048588	4564.0	378.1	13781.5	55910.9	7744.1	3442.5	6475.1	1910.2	819.6	1434.6	19324.5	5319.6	1954.0	284864.7	803.5	4591.4	0.0	0.0	4594.3	384.7	13215.5	54092.1	7739.0	3878.4	6274.1	1854.0	5159.1	1901.1	751.7	4451.6	0.0	0.0	0.0	7.6	0.0	0.0	0.0	0.0	0.0	0.0	635.4	375.5	595.1	666.9	695.5	1484616.0	1184958.0	279426.28518	279178.952568	558605.237747	222214.0	220478.0	442692.0	66254.0	737888.237747	1345531.0	1045873.0	1616088.0	0.89622	0.975585	23.0	21.0	44.0	1656531.564508	0.0
sub-0015042	4292.3	360.2	12464.7	66202.5	7647.8	3469.2	6162.6	1665.9	588.8	1541.5	19723.2	4203.4	1892.3	247582.2	691.0	3909.0	0.0	0.0	3190.2	410.6	12812.0	65332.9	7579.7	3807.3	6017.4	1572.1	4290.5	1985.7	629.3	3918.5	0.0	0.0	0.0	96.0	0.0	0.0	0.0	0.0	0.0	0.0	1009.3	508.8	566.9	475.6	758.8	1356547.0	1086637.0	256665.546188	256871.45102	513536.997209	187745.5	186033.5	373779.0	61068.0	708657.997209	1197854.0	927944.0	1430961.0	0.940435	0.992023	7.0	15.0	22.0	1442467.506671	0.0
sub-0015021	4397.2	348.6	11424.1	56278.1	7905.9	3932.1	5777.0	1737.9	637.2	2254.3	16590.1	4213.6	1559.6	246216.0	630.4	3663.3	0.0	0.0	3041.1	371.7	10933.7	55826.3	7552.7	4086.1	5794.0	1701.0	4314.4	1784.1	636.6	3529.1	0.0	0.0	0.0	8.7	0.0	0.0	0.0	0.0	0.0	0.0	810.6	329.8	745.3	635.0	688.8	1388945.0	1122331.0	284104.69044	288467.785679	572572.476118	189191.5	189073.5	378265.0	60584.0	747658.476118	1252804.0	986190.0	1415850.0	0.9337	0.951786	9.0	6.0	15.0	1487571.714336	0.0
sub-0021021	13540.9	892.8	18604.5	64618.7	9025.6	4833.7	6299.9	1992.5	778.7	1631.5	24744.3	5508.2	2153.7	339675.1	717.8	4741.9	0.0	0.0	13271.5	772.0	17881.4	62681.3	9038.0	4958.4	6158.1	1957.5	5564.7	2134.6	706.9	4414.7	0.0	0.0	0.0	4.0	0.0	0.0	0.0	0.0	0.0	0.0	1369.0	603.1	1052.4	607.4	1502.2	1802567.0	1429437.0	327158.416736	323032.098147	650190.514882	289996.0	290654.0	580650.0	72528.0	854029.514882	1635993.0	1262863.0	1850233.0	0.914842	0.939034	32.0	49.0	81.0	1970358.063935	0.0
sub-0010106	5696.6	495.3	14866.6	65397.1	6340.1	3667.6	5496.8	1792.8	697.4	2305.1	17418.3	4000.5	1389.2	238059.9	637.5	3468.3	0.0	0.0	5228.9	392.3	14711.4	62455.6	6202.2	3782.9	5371.3	1689.5	4310.8	1546.5	727.4	3551.9	0.0	0.0	0.0	6.5	0.0	0.0	0.0	0.0	0.0	0.0	816.4	456.1	682.9	475.9	907.2	1351820.0	1095515.0	265304.255834	264022.981567	529327.237401	187509.0	188715.0	376224.0	56289.0	716799.237401	1192119.0	935814.0	1431843.0	0.915557	0.969755	54.0	37.0	91.0	1476499.466927	0.0
sub-0021017	3896.7	472.6	14476.8	52013.2	6370.7	3708.8	5580.4	1535.3	780.5	1657.6	18315.9	3681.0	1579.9	278388.4	577.7	3333.9	0.0	0.0	4129.9	476.6	13561.4	51768.6	6040.4	3696.3	5521.8	1493.0	3608.9	1417.8	576.2	3225.8	0.0	0.0	0.0	4.2	0.0	0.0	0.0	0.0	0.0	0.0	695.3	353.1	460.2	399.7	695.1	1301618.0	1005598.0	241458.700351	240466.582602	481925.282953	175909.0	175588.0	351497.0	53975.0	643392.282953	1167151.0	871131.0	1367218.0	0.935489	0.982637	37.0	30.0	67.0	1391376.711812	0.0
sub-0021028	5064.5	650.0	11677.1	53844.6	6587.2	4119.2	6053.8	1714.5	682.3	1833.7	15183.9	3764.4	1568.0	246195.3	702.7	3163.0	0.0	0.0	3690.4	475.3	11425.0	54090.5	6606.8	4404.4	5741.4	1631.2	4024.6	1620.0	612.0	3171.8	0.0	0.0	0.0	5.1	0.0	0.0	0.0	0.0	0.0	0.0	797.9	406.2	710.9	397.4	1002.9	1366800.0	1103441.0	269455.711046	269214.816541	538670.527587	200460.5	201529.5	401990.0	57344.0	706313.527587	1234075.0	970716.0	1417348.0	0.929997	0.964391	62.0	47.0	109.0	1469681.542102	0.0
sub-0015017	5885.7	442.2	15739.2	66458.4	8267.0	4264.6	6587.4	2062.4	585.5	2027.5	23019.3	4205.5	1781.1	259286.4	721.0	4390.8	0.0	0.0	5036.4	481.3	15981.8	65637.4	8045.3	4391.8	6437.3	2041.7	4085.6	1853.7	671.7	4521.7	0.0	0.0	0.0	13.9	0.0	0.0	0.0	0.0	0.0	0.0	1069.0	519.3	721.7	768.5	1003.2	1547567.0	1265451.0	309830.783863	311369.315686	621200.09955	220747.5	219113.5	439861.0	66186.0	822564.09955	1381611.0	1099495.0	1608248.0	0.919276	0.955322	18.0	18.0	36.0	1683462.517017	0.0
sub-0010101	7831.7	609.1	11550.6	47394.9	6808.1	3918.1	5384.2	1879.6	672.3	1738.4	16774.5	3360.3	1510.4	232079.4	700.4	3741.7	0.0	0.0	4801.0	508.0	11650.9	49849.9	6510.9	3883.5	5328.5	1680.6	3588.8	1647.0	680.3	3655.9	0.0	0.0	0.0	275.4	0.0	0.0	0.0	0.0	0.0	0.0	651.2	398.8	774.7	645.0	684.5	1269941.0	1016426.0	241820.181293	235023.366849	476843.548142	195959.5	191932.5	387892.0	56233.0	633408.548142	1147106.0	893591.0	1313737.0	0.932777	0.964945	39.0	35.0	74.0	1361463.329523	0.0
sub-0015028	5479.9	428.2	13909.1	68557.0	8314.3	3857.2	7143.8	1897.4	677.0	1776.6	20957.9	3998.5	1917.5	233900.3	733.0	4067.0	0.0	0.0	4993.5	321.0	14170.1	67163.4	8041.4	3871.5	6854.6	1778.8	4113.0	1743.8	779.4	4102.9	0.0	0.0	0.0	1.0	0.0	0.0	0.0	0.0	0.0	0.0	889.7	471.6	713.5	822.9	913.6	1475229.0	1216908.0	305459.151266	305055.198807	610514.350073	202923.5	202109.5	405033.0	65141.0	814706.350073	1309068.0	1050747.0	1538140.0	0.917384	0.956505	8.0	10.0	18.0	1608083.012364	0.0
sub-1093743	5502.0	620.3	15090.2	63797.2	9224.0	4713.1	6959.4	2135.3	814.7	2734.4	21628.3	4484.7	2083.9	295670.0	693.7	4706.3	0.0	0.0	4200.9	798.1	13918.0	63175.9	8588.8	5064.8	6955.4	2089.6	4870.2	2196.0	738.5	4747.3	0.0	0.0	0.0	2.6	0.0	0.0	0.0	0.0	0.0	0.0	894.8	437.2	637.8	470.7	788.6	1613543.0	1295960.0	319360.33041	317026.07992	636386.41033	227950.5	225182.5	453133.0	72328.0	838163.41033	1455784.0	1138201.0	1776190.0	0.907299	0.998756	19.0	24.0	43.0	1778402.941974	0.0
sub-0015043	5105.0	418.8	14574.7	59158.8	8490.4	3953.4	5898.0	1731.9	498.0	1831.5	20749.8	4067.0	1808.1	246028.8	611.3	4462.2	0.0	0.0	4440.6	393.5	14390.1	58880.0	8326.0	4204.2	5891.0	1722.8	4403.5	1860.4	643.8	4253.6	0.0	0.0	0.0	10.7	0.0	0.0	0.0	0.0	0.0	0.0	907.4	441.3	761.1	634.2	877.3	1477181.0	1207090.0	290818.424299	290224.444515	581042.868814	223119.0	217649.0	440768.0	64303.0	766342.868814	1328123.0	1058032.0	1576845.0	0.910918	0.972377	15.0	12.0	27.0	1621639.08197	0.0
sub-0015044	4323.6	450.7	12067.1	54849.5	7512.5	4787.0	5789.1	1953.1	694.6	2828.1	18135.3	4115.2	1780.0	244979.4	641.0	4052.6	0.0	0.0	3740.1	374.5	11997.7	54298.9	7445.8	4824.8	5789.0	1835.4	4561.5	1871.1	690.2	4097.5	0.0	0.0	0.0	2.6	0.0	0.0	0.0	0.0	0.0	0.0	776.6	429.9	734.1	724.5	772.8	1441051.0	1174011.0	287295.255839	286549.202287	573844.458126	212596.5	211929.5	424526.0	63698.0	749406.458126	1306064.0	1039024.0	1501641.0	0.922534	0.961322	11.0	16.0	27.0	1562057.682792	0.0
sub-0016055	5816.7	436.7	16837.8	59940.7	9121.8	4414.1	6051.3	1871.9	512.7	1751.6	23530.8	4828.6	2166.6	314989.4	667.0	4407.9	0.0	0.0	4746.0	519.2	15829.5	58302.9	8828.9	4589.8	5816.1	1847.9	4791.5	2046.8	622.2	4354.1	0.0	0.0	0.0	46.7	0.0	0.0	0.0	0.0	0.0	0.0	990.7	462.1	768.0	850.3	914.5	1591376.0	1251152.0	298096.241316	304472.290001	602568.531317	223520.0	226055.0	449575.0	68069.0	791885.531317	1438401.0	1098177.0	1649013.0	0.937808	0.971774	27.0	26.0	53.0	1696909.571707	0.0
sub-6115230	7348.7	576.5	11226.0	52666.1	6089.9	3789.1	5016.6	1594.4	692.4	1986.5	15107.0	3251.2	1609.5	250602.0	590.8	3300.2	0.0	0.0	8344.7	501.7	11240.1	53512.5	6185.6	3811.4	4964.7	1455.1	3578.0	1531.4	536.3	3102.2	0.0	0.0	0.0	67.2	0.0	0.0	0.0	0.0	0.0	0.0	892.0	489.2	549.9	418.1	826.1	1282869.0	1008110.0	244278.124425	242719.731511	486997.855936	177436.0	177318.0	354754.0	52405.0	648360.855936	1152206.0	877447.0	1349854.0	0.931578	0.980221	10.0	6.0	16.0	1377092.159782	0.0
sub-4241194	15914.2	952.6	13776.3	51424.4	7774.5	4008.2	5796.8	2085.5	1918.9	2519.5	17779.6	4128.4	1855.3	362436.8	576.7	3693.9	0.0	0.0	14882.7	740.4	12970.9	54017.5	6998.4	3905.6	5541.7	1924.9	4112.0	1986.6	653.2	3916.8	0.0	0.0	0.0	1.0	0.0	0.0	0.0	0.0	0.0	0.0	1003.5	525.8	776.1	465.3	1188.0	1669256.0	1263079.0	296790.275881	299844.204709	596634.48059	245987.5	247861.5	493849.0	61133.0	766101.48059	1535070.0	1128893.0	1748116.0	0.94108	0.985539	41.0	27.0	68.0	1773765.983906	0.0
sub-4136226	4192.1	510.2	13523.7	55144.2	6967.8	4209.6	6547.3	1875.7	695.9	2767.4	19053.5	4330.6	1743.5	251794.8	702.2	3938.4	0.0	0.0	4116.1	479.0	13931.9	54228.5	7101.8	4190.7	6457.9	1872.4	4158.0	1833.9	705.6	3708.9	0.0	0.0	0.0	31.3	0.0	0.0	0.0	0.0	0.0	0.0	900.2	484.3	873.5	677.7	718.2	1389881.0	1117600.0	272807.510116	274416.210643	547223.720759	197505.5	199332.5	396838.0	62289.0	721761.720759	1251155.0	978874.0	1496321.0	0.928019	0.999089	26.0	24.0	50.0	1497685.188161	0.0
sub-1875013	7004.0	607.7	12312.6	59849.6	7541.4	4328.0	6527.9	2097.6	1007.2	2420.2	19931.8	3974.9	1558.7	272263.1	614.6	4306.9	0.0	0.0	5982.0	520.6	12442.2	59689.5	7275.7	4629.0	6445.0	2096.3	4236.4	1681.9	513.5	4274.9	0.0	0.0	0.0	7.6	0.0	0.0	0.0	0.0	0.0	0.0	952.6	457.3	717.0	597.0	822.9	1507710.0	1208612.0	285263.372935	288385.164352	573648.537288	219683.0	222079.0	441762.0	63826.0	759953.537288	1361178.0	1062080.0	1631650.0	0.914535	0.989713	8.0	14.0	22.0	1648608.820107	0.0
sub-0010123	5439.2	707.9	17117.1	55704.7	8074.5	5003.4	6658.5	2095.5	966.8	3036.8	22986.4	4284.5	1642.7	323560.5	822.5	4316.0	0.0	0.0	5331.8	768.9	16820.6	56652.4	7685.2	5308.9	6315.0	1753.1	4174.6	1721.6	771.8	4728.8	0.0	0.0	0.0	22.4	0.0	0.0	0.0	0.0	0.0	0.0	964.3	573.9	834.3	872.3	752.0	1500478.0	1156741.0	253003.92565	252968.885019	505972.810669	231502.5	233445.5	464948.0	67052.0	688886.810669	1352075.0	1008338.0	1563723.0	0.922128	0.960996	28.0	23.0	51.0	1627189.912081	0.0
sub-0015035	5070.3	408.4	13221.0	67123.4	8195.3	3823.4	5717.9	1661.8	582.3	1424.8	21618.4	4664.9	1961.5	247080.8	671.4	4137.0	0.0	0.0	6134.7	412.2	13034.6	65720.9	7846.0	4042.0	5630.7	1650.0	4834.5	2040.3	688.5	4166.1	0.0	0.0	0.0	7.4	0.0	0.0	0.0	0.0	0.0	0.0	915.2	687.3	899.1	699.6	751.3	1590995.0	1317284.0	316703.223996	314345.97647	631049.200466	245287.0	244642.0	489929.0	63689.0	830304.200466	1429977.0	1156266.0	1651419.0	0.922056	0.957075	12.0	9.0	21.0	1725485.907189	0.0
sub-0025002	27775.0	956.7	15793.5	63048.9	8188.5	4528.1	6208.4	2080.1	790.7	1567.8	23179.0	4595.1	2042.7	268596.1	893.0	4308.7	0.0	0.0	30134.2	788.4	15345.0	62184.5	8491.6	4538.4	6224.7	2020.5	4557.2	2203.7	781.5	4192.6	0.0	0.0	0.0	22.4	0.0	0.0	0.0	0.0	0.0	0.0	218.4	266.6	277.6	325.3	707.1	1690848.0	1353340.0	303182.35617	297967.532575	601149.888746	284489.5	277773.5	562263.0	68775.0	798767.888746	1532251.0	1194743.0	1746932.0	0.893393	0.923026	23.0	15.0	38.0	1892613.442741	0.0
sub-8409791	14352.2	451.5	13828.1	59618.0	8209.0	4106.2	6083.5	1807.7	778.2	2539.1	20899.9	4007.7	1888.5	322297.4	774.6	4142.0	0.0	0.0	12927.4	401.6	14012.7	58321.8	7644.9	4139.7	6024.3	1755.7	4106.0	1944.8	771.2	4313.1	0.0	0.0	0.0	10.6	0.0	0.0	0.0	0.0	0.0	0.0	1092.0	434.8	461.9	481.3	1007.1	1673105.0	1313480.0	308657.009023	308797.070416	617454.079439	255053.0	252588.0	507641.0	63611.0	802232.079439	1524949.0	1165324.0	1759089.0	0.932145	0.98005	14.0	2.0	16.0	1794897.325611	0.0
sub-0021035	11409.0	755.1	16045.0	71014.4	8056.2	4512.2	6083.4	1996.0	1507.3	4830.3	21143.1	4148.7	1657.2	324098.5	673.0	3856.8	0.0	0.0	11477.4	573.0	15597.0	69787.6	7949.5	4645.3	6036.2	1948.2	4269.1	1690.2	677.3	3747.5	0.0	0.0	0.0	27.9	0.0	0.0	0.0	0.0	0.0	0.0	794.0	400.4	437.4	458.4	898.3	1618442.0	1257435.0	286599.501042	283391.140402	569990.641444	237530.5	235419.5	472950.0	64220.0	777753.641444	1444015.0	1083008.0	1657334.0	0.943917	0.966599	33.0	39.0	72.0	1714602.740092	0.0
sub-0015004	6399.5	487.0	11123.6	55479.8	7055.7	3842.1	5838.6	1710.0	518.8	2014.5	16123.7	3683.2	1782.5	246303.5	620.2	3462.8	0.0	0.0	4478.8	334.4	11225.4	54790.7	7208.3	3960.6	5957.3	1602.6	4054.2	1737.6	719.3	3407.6	0.0	0.0	0.0	5.1	0.0	0.0	0.0	0.0	0.0	0.0	839.9	418.7	451.0	356.0	898.1	1381200.0	1111055.0	290834.197677	285955.339487	576789.537164	187431.5	184332.5	371764.0	58578.0	748042.537164	1246849.0	976704.0	1459061.0	0.92024	0.972116	23.0	20.0	43.0	1500912.205862	0.0
sub-4219416	4822.8	392.3	13263.8	57878.6	6801.1	3848.5	5006.6	1616.4	870.9	2326.4	15264.7	3803.0	1498.6	237674.9	563.0	3370.2	0.0	0.0	6161.7	421.7	12904.9	56665.3	6585.0	3885.0	4790.2	1593.7	3671.9	1530.9	679.3	3348.0	0.0	0.0	0.0	0.7	0.0	0.0	0.0	0.0	0.0	0.0	680.8	348.5	542.1	338.2	713.9	1264288.0	1003713.0	255594.322243	249515.675357	505109.9976	161743.0	163158.0	324901.0	54264.0	676432.9976	1122055.0	861480.0	1333607.0	0.932883	0.984031	63.0	58.0	121.0	1355248.567302	0.0
sub-0010115	6496.2	625.2	15579.0	57632.1	6564.7	3554.4	5968.4	1879.7	752.0	2368.0	19071.6	4066.5	1799.4	233633.1	675.7	3928.1	0.0	0.0	6166.8	704.5	14793.5	55147.8	6714.6	3631.5	5923.9	1726.0	4044.0	1764.9	672.3	3746.4	0.0	0.0	0.0	106.4	0.0	0.0	0.0	0.0	0.0	0.0	802.7	388.7	515.2	452.1	814.3	1359178.0	1103559.0	263336.946002	262817.562899	526154.508901	199110.0	200241.0	399351.0	58716.0	700883.508901	1213904.0	958285.0	1431162.0	0.923387	0.972291	35.0	38.0	73.0	1471947.972271	0.0
sub-0016047	3995.1	672.8	16935.2	61280.0	7891.3	4470.1	6148.8	1632.4	717.2	1944.5	21715.5	4771.3	1723.4	225552.2	712.6	3989.8	0.0	0.0	5507.5	531.9	16778.5	60868.3	7890.5	4703.5	6092.3	1697.0	4617.2	1800.2	734.3	4070.3	0.0	0.0	0.0	10.9	0.0	0.0	0.0	0.0	0.0	0.0	820.5	454.0	681.7	788.2	850.8	1468842.0	1216760.0	276877.110951	277131.448105	554008.559056	227519.0	231966.0	459485.0	64912.0	744540.559056	1310663.0	1058581.0	1547874.0	0.925995	0.975819	15.0	28.0	43.0	1586231.168623	0.0
sub-0016078	9545.5	671.1	16090.2	63186.7	7867.4	4803.1	6402.6	1961.0	859.5	1608.0	22596.7	4868.0	2051.1	306731.9	701.3	4623.0	0.0	0.0	11561.1	567.2	16055.5	63940.5	7826.2	4874.6	6352.9	2005.7	4879.7	1923.6	650.4	4524.3	0.0	0.0	0.0	35.9	0.0	0.0	0.0	0.0	0.0	0.0	803.1	463.8	520.7	385.1	932.8	1610633.0	1268986.0	284344.524616	285864.916703	570209.441319	239906.0	241999.0	481905.0	68239.0	769140.441319	1448809.0	1107162.0	1682546.0	0.935837	0.977621	17.0	20.0	37.0	1721061.725067	0.0
sub-0015051	5839.9	565.0	13245.8	62183.6	8154.1	4159.0	5712.2	1808.5	630.3	1755.2	18124.1	4052.0	1603.2	262392.2	683.0	3744.4	0.0	0.0	5713.4	455.0	12981.9	60048.6	7704.7	4123.5	5612.4	1739.1	4135.9	1711.3	640.4	3865.3	0.0	0.0	0.0	7.1	0.0	0.0	0.0	0.0	0.0	0.0	795.7	521.9	825.7	412.1	1123.9	1411891.0	1126703.0	273297.404669	270386.438332	543683.843001	198403.0	195606.0	394009.0	61361.0	729592.843001	1261775.0	976587.0	1494518.0	0.922238	0.976209	20.0	31.0	51.0	1530940.525974	0.0
sub-0016071	10087.4	498.7	12194.7	47180.2	6543.3	3250.9	4075.2	1307.3	935.9	2126.0	15770.1	4216.7	1687.6	282406.9	560.4	3346.2	0.0	0.0	7857.9	557.6	11902.6	47826.8	5972.2	3311.9	3728.8	1318.2	3993.8	1751.5	582.4	3380.1	0.0	0.0	0.0	8.0	0.0	0.0	0.0	0.0	0.0	0.0	727.5	426.9	723.3	348.2	900.5	1260770.0	948276.0	230415.305973	227349.463983	457764.769956	165312.5	161071.5	326384.0	50809.0	606515.769956	1139594.0	827100.0	1305220.0	0.956731	0.990461	21.0	21.0	42.0	1317789.755209	0.0
sub-0010113	4985.9	451.6	14415.4	56192.0	5493.1	3258.6	5517.1	1486.7	741.4	2393.0	15682.5	3584.0	1281.0	262167.0	531.2	3248.8	0.0	0.0	4796.3	642.5	13998.6	56805.2	5693.4	3256.3	5428.8	1362.4	3803.9	1421.2	548.0	3073.1	0.0	0.0	0.0	84.6	0.0	0.0	0.0	0.0	0.0	0.0	1106.3	534.5	576.8	443.5	814.6	1313968.0	1034040.0	230415.595375	233943.742724	464359.338099	194554.0	195510.0	390064.0	51137.0	632071.338099	1170043.0	890115.0	1363523.0	0.943946	0.979546	26.0	23.0	49.0	1391994.539692	0.0
sub-0015005	3940.1	359.4	13021.7	58693.9	8239.2	3885.0	5842.0	1469.2	533.8	1216.9	21626.6	4657.4	2178.2	225609.2	619.5	4284.7	0.0	0.0	4297.1	423.4	13072.4	58069.4	7946.5	4069.5	5685.2	1478.6	4586.1	2153.5	632.6	4121.1	0.0	0.0	0.0	32.4	0.0	0.0	0.0	0.0	0.0	0.0	856.2	486.7	489.9	433.3	786.6	1433404.0	1183397.0	269132.611658	266402.557287	535535.168945	229273.0	229464.0	458737.0	63643.0	718266.168945	1288974.0	1038967.0	1528486.0	0.910069	0.970437	10.0	8.0	18.0	1575049.332783	0.0
sub-6500128	12370.4	519.0	11228.7	60859.8	7695.2	4808.0	6519.2	1799.8	641.0	1614.7	17894.8	3643.2	1644.6	253275.7	640.7	4025.2	0.0	0.0	16085.6	406.0	11243.2	60593.5	7617.6	4916.0	6567.0	1837.0	3625.4	1776.4	562.5	3938.7	0.0	0.0	0.0	31.6	0.0	0.0	0.0	0.0	0.0	0.0	1104.4	323.6	402.6	734.6	897.5	1529823.0	1232524.0	310016.091418	307327.083056	617343.174474	217065.0	214308.0	431373.0	63391.0	804810.174474	1384073.0	1086774.0	1655912.0	0.915987	0.991484	25.0	14.0	39.0	1670135.243421	0.0
sub-0015033	6517.8	421.7	11845.6	54216.9	8153.4	4394.9	7039.9	1928.6	733.4	1788.7	18614.4	4698.7	2008.1	261677.1	847.8	3907.5	0.0	0.0	5785.0	528.5	11448.3	54548.0	7974.3	4801.7	6643.0	1804.1	4952.6	2243.0	783.6	3902.0	0.0	0.0	0.0	9.0	0.0	0.0	0.0	0.0	0.0	0.0	817.5	366.6	561.7	426.0	774.6	1528568.0	1238831.0	320556.6466	318941.279016	639497.925615	212843.0	209707.0	422550.0	67823.0	818801.925615	1394335.0	1104598.0	1583550.0	0.924747	0.95801	20.0	16.0	36.0	1652957.269183	0.0
sub-0010122	14005.0	820.3	17058.5	63336.9	8710.9	4495.4	6731.8	1877.6	917.7	2646.7	22534.0	5000.9	2015.9	352093.1	680.4	4623.6	0.0	0.0	14591.8	809.0	16992.0	60833.1	8635.2	4561.3	6862.8	1763.5	5137.1	2033.9	644.1	4647.3	0.0	0.0	0.0	6.9	0.0	0.0	0.0	0.0	0.0	0.0	1118.5	329.1	481.6	476.7	939.2	1808943.0	1415759.0	312582.557676	319191.709472	631774.267148	289188.5	292615.5	581804.0	70978.0	830230.267148	1648613.0	1255429.0	1877844.0	0.933049	0.968588	31.0	33.0	64.0	1938744.631428	0.0
sub-0015034	4241.9	502.1	12219.3	61284.4	8532.4	4855.1	6795.9	1878.3	678.5	1710.7	18511.2	4842.3	1967.8	274190.3	733.9	4027.8	0.0	0.0	3058.5	568.6	11765.0	59773.2	8283.6	4898.0	6517.7	1773.3	4770.0	2218.8	754.6	3943.6	0.0	0.0	0.0	6.4	0.0	0.0	0.0	0.0	0.0	0.0	845.4	485.5	730.8	447.3	991.2	1566268.0	1270118.0	320065.396851	321021.657134	641087.053985	221135.5	219373.5	440509.0	68563.0	833765.053985	1418757.0	1122607.0	1621533.0	0.932397	0.965296	15.0	7.0	22.0	1679829.896004	0.0
sub-0010050	7207.7	564.3	14819.0	57195.7	7442.2	4300.0	5645.4	1776.2	739.9	1872.4	19809.6	3915.9	1768.6	283894.2	687.0	3950.8	0.0	0.0	11476.7	785.2	14871.1	54501.3	7333.1	4373.0	5497.6	1565.4	3425.0	1848.6	658.7	3985.3	0.0	0.0	0.0	4.3	0.0	0.0	0.0	0.0	0.0	0.0	804.1	524.3	802.1	425.9	1088.9	1462449.0	1152329.0	263943.823146	263740.319578	527684.142724	220941.0	226263.0	447204.0	60251.0	702668.142724	1319150.0	1009030.0	1528510.0	0.919511	0.961046	28.0	22.0	50.0	1590464.237683	0.0
sub-0010068	7177.9	662.0	17096.9	72385.1	8424.4	5175.7	5897.8	2027.0	871.8	2322.6	21219.4	5067.4	1899.2	308371.0	793.8	4023.3	0.0	0.0	6569.3	595.2	16883.8	69405.7	8187.8	5365.9	5819.1	1799.1	5243.0	2147.6	723.4	3884.2	0.0	0.0	0.0	10.3	0.0	0.0	0.0	0.0	0.0	0.0	831.0	501.0	525.6	460.3	975.6	1743933.0	1414846.0	328903.907781	328141.071809	657044.97959	272064.5	271550.5	543615.0	68863.0	870727.97959	1566006.0	1236919.0	1820224.0	0.916507	0.956601	39.0	31.0	70.0	1902804.70146	0.0
sub-1404738	4948.0	517.2	13802.5	57555.6	6845.6	4050.1	6074.8	1684.7	835.5	2833.8	18442.3	4278.0	1746.0	248962.2	635.9	3737.4	0.0	0.0	5115.6	386.6	14033.9	56612.1	6775.4	4032.9	5923.3	1596.4	4284.1	1857.1	663.1	3722.1	0.0	0.0	0.0	51.9	0.0	0.0	0.0	0.0	0.0	0.0	721.0	469.4	727.7	409.4	859.6	1406912.0	1134805.0	267316.420798	263586.963671	530903.384469	211884.0	208354.0	420238.0	59794.0	707227.384469	1263361.0	991254.0	1479597.0	0.92813	0.97608	26.0	30.0	56.0	1515856.960945	0.0
sub-9750701	6273.4	469.0	13172.0	54486.6	6794.0	3863.0	5707.9	1699.5	833.0	2226.9	16205.2	4205.9	1567.2	248396.7	612.1	3435.9	0.0	0.0	5763.0	487.3	12449.3	52380.6	6510.6	3891.6	5607.8	1601.8	4351.8	1619.1	629.1	3556.5	0.0	0.0	0.0	38.0	0.0	0.0	0.0	0.0	0.0	0.0	848.7	537.0	676.4	655.9	728.6	1306198.0	1037746.0	246063.78903	248878.291329	494942.080359	187303.0	185777.0	373080.0	57753.0	662249.080359	1171647.0	903195.0	1354875.0	0.928655	0.963262	23.0	28.0	51.0	1406548.831224	0.0
sub-4116166	4378.0	514.7	15419.2	58836.6	7994.2	4435.9	6022.5	1897.7	627.8	1257.2	20332.6	4625.1	1971.1	260618.2	754.7	4059.9	0.0	0.0	3695.0	417.6	14940.5	55009.7	7944.9	4482.5	6040.0	1768.9	4517.1	1843.3	704.1	3980.1	0.0	0.0	0.0	5.2	0.0	0.0	0.0	0.0	0.0	0.0	913.3	480.1	845.7	788.1	989.7	1521779.0	1245687.0	304033.049334	308567.32985	612600.379184	226732.0	229687.0	456419.0	65134.0	794575.379184	1375306.0	1099214.0	1585567.0	0.924601	0.963358	31.0	27.0	58.0	1645875.805036	0.0
sub-0010092	6585.5	641.9	13267.0	47110.1	6783.8	3849.5	6302.5	1998.3	837.3	1762.2	17608.3	3917.9	1327.2	290103.7	638.5	4035.9	0.0	0.0	5826.7	751.4	13014.3	50532.3	6887.8	4020.7	6118.0	1707.6	4182.0	1476.4	660.2	3902.6	0.0	0.0	0.0	2.7	0.0	0.0	0.0	0.0	0.0	0.0	821.4	518.2	880.4	529.5	1244.0	1364529.0	1053362.0	225445.419805	233372.181378	458817.601183	216241.5	214743.5	430985.0	59627.0	619119.601183	1238528.0	927361.0	1451815.0	0.899296	0.956822	62.0	71.0	133.0	1517329.866762	0.0
sub-0010035	3740.3	676.5	12830.7	62119.1	6740.4	4353.9	5421.7	1759.3	677.4	2211.7	18130.0	3844.3	1530.7	252166.6	745.6	3559.5	0.0	0.0	3216.9	647.4	13253.1	64059.8	6365.0	4290.5	5285.8	1670.7	4173.6	1645.2	742.7	3478.9	0.0	0.0	0.0	11.1	0.0	0.0	0.0	0.0	0.0	0.0	671.7	431.0	569.0	545.9	768.6	1452039.0	1183507.0	298494.153089	304486.725465	602980.878555	202294.0	202059.0	404353.0	57186.0	789609.878555	1297775.0	1029243.0	1504709.0	0.935501	0.969434	63.0	57.0	120.0	1552151.415442	0.0
sub-0010003	5086.5	457.4	10478.7	51493.0	4907.9	3241.0	5225.8	1467.4	781.0	1790.6	12049.8	3233.0	841.5	207339.5	527.4	3196.9	0.0	0.0	4449.7	558.1	9941.5	47680.0	5360.5	3416.9	4950.0	1462.3	3092.4	959.2	405.9	2827.7	0.0	0.0	0.0	4.0	0.0	0.0	0.0	0.0	0.0	0.0	715.7	407.6	574.5	352.6	881.8	985449.0	759617.0	168551.344384	176186.059787	344737.404171	131188.0	131557.0	262745.0	46152.0	492261.404171	864766.0	638934.0	1174712.0	0.819934	0.977408	103.0	64.0	167.0	1201864.098078	0.0
sub-0010004	5897.8	583.7	14006.1	49297.1	5231.2	3716.6	5368.1	1549.6	610.3	2691.2	16496.2	3487.5	1284.0	260614.1	702.5	2903.4	0.0	0.0	6311.9	527.1	13695.1	49832.6	5240.9	3744.0	5450.9	1466.0	3553.2	1371.7	606.5	3140.1	0.0	0.0	0.0	8.2	0.0	0.0	0.0	0.0	0.0	0.0	822.6	553.3	435.6	493.7	825.6	1184808.0	903754.0	206848.727634	210145.527997	416994.255631	161131.0	162716.0	323847.0	50630.0	570815.255631	1055286.0	774232.0	1267260.0	0.940945	1.006426	51.0	34.0	85.0	1259168.465611	0.0
sub-0010093	14109.0	993.3	14496.9	48690.3	5552.1	3250.1	4833.9	1610.1	633.2	3649.8	18236.6	3261.9	1323.5	224495.8	618.0	3487.0	0.0	0.0	7668.7	667.6	13521.2	47043.6	5623.8	3324.4	5082.8	1580.2	3665.0	1329.1	648.2	3396.4	0.0	0.0	0.0	5.5	0.0	0.0	0.0	0.0	0.0	0.0	845.9	471.2	598.8	453.0	887.8	1214314.0	955930.0	213905.397576	214766.533005	428671.930581	184637.0	185124.0	369761.0	50614.0	578334.930581	1088373.0	829989.0	1286848.0	0.937702	0.993713	18.0	23.0	41.0	1294989.833168	0.0
sub-0010067	8536.9	1165.4	3882.3	8087.1	8093.1	4289.0	6576.7	2096.4	896.4	772.0	13228.5	4152.0	1300.5	268108.8	751.7	4078.6	0.0	0.0	7365.6	1069.8	6264.6	14990.9	7378.4	4510.8	6662.7	1829.0	4643.6	1383.6	765.5	4157.9	0.0	0.0	0.0	594.5	0.0	0.0	0.0	0.0	0.0	0.0	915.1	614.6	589.9	465.2	834.7	1234628.0	944013.0	234713.604453	230377.059553	465090.664006	205718.5	197846.5	403565.0	64593.0	553472.664006	1201056.0	910441.0	1634477.0	0.715281	0.946933	171.0	136.0	307.0	1726074.940603	0.0
sub-0010058	5322.1	553.4	14231.3	64201.8	6967.5	4217.1	6774.6	1788.3	716.9	2270.6	18857.0	4383.2	1668.5	267854.2	845.6	4044.8	0.0	0.0	5682.2	843.5	14959.2	61705.0	6795.3	4232.5	6319.1	1655.9	4459.2	1783.6	739.0	3865.9	0.0	0.0	0.0	343.4	0.0	0.0	0.0	0.0	0.0	0.0	805.9	501.7	774.2	641.6	763.9	1543643.0	1256986.0	287882.493833	290487.826321	578370.320154	239332.0	244521.0	483853.0	62707.0	770332.320154	1386426.0	1099769.0	1620578.0	0.912421	0.957896	39.0	34.0	73.0	1691810.102852	0.0
sub-8387093	7352.5	450.2	13023.3	54638.6	8068.0	4270.4	5746.8	1739.8	815.8	2831.1	18838.1	4369.9	1875.7	303159.8	684.3	4255.9	0.0	0.0	7067.1	453.4	13012.0	55612.5	7689.0	4531.2	5595.1	1755.7	4454.9	1917.2	746.2	4321.4	0.0	0.0	0.0	4.0	0.0	0.0	0.0	0.0	0.0	0.0	842.2	464.4	594.4	586.6	805.7	1555227.0	1229006.0	284420.212441	286900.670615	571320.883056	235672.5	237256.5	472929.0	64111.0	749126.883056	1416558.0	1090337.0	1671351.0	0.914107	0.98236	13.0	4.0	17.0	1701362.261925	0.0
sub-4084645	3262.2	451.9	13395.8	51422.2	6653.0	4322.0	5691.0	1665.5	596.0	1783.7	15995.1	3464.5	1224.7	211133.9	607.9	3115.3	0.0	0.0	2979.3	393.2	13521.3	51019.5	6543.9	4466.9	5509.6	1599.7	3645.3	1401.9	647.6	3068.5	0.0	0.0	0.0	3.1	0.0	0.0	0.0	0.0	0.0	0.0	850.4	506.8	523.7	564.3	772.9	1176489.0	952315.0	227974.586331	219328.610216	447303.196546	170851.0	168957.0	339808.0	55156.0	608416.196546	1044781.0	820607.0	1292628.0	0.900364	0.989245	54.0	48.0	102.0	1306681.008353	0.0
sub-0010069	5430.5	681.1	16942.4	63117.5	8503.8	4345.0	6176.3	1999.5	838.0	1772.8	23925.9	4852.9	1999.6	344161.6	746.7	4580.1	0.0	0.0	5742.3	496.4	17067.6	64141.6	8540.8	4236.6	6169.7	1804.5	4858.8	2034.2	742.4	4530.7	0.0	0.0	0.0	64.5	0.0	0.0	0.0	0.0	0.0	0.0	925.1	465.6	916.8	688.1	1176.1	1700184.0	1338835.0	294696.565176	295297.013776	589993.578952	267455.5	268390.5	535846.0	68556.0	789708.578952	1536035.0	1174686.0	1802763.0	0.911977	0.967	37.0	35.0	72.0	1864284.398864	0.0
sub-0010051	4695.5	541.5	15819.2	68807.5	7854.6	3918.8	6382.7	1927.1	737.3	2842.0	20506.4	4314.8	1963.6	299589.7	683.7	4074.7	0.0	0.0	3958.1	568.2	16261.1	69427.7	7679.8	4060.8	6215.1	1857.4	4412.3	1923.2	628.2	4107.7	0.0	0.0	0.0	331.7	0.0	0.0	0.0	0.0	0.0	0.0	950.0	511.4	796.5	505.5	1169.6	1583990.0	1266001.0	288274.0655	286341.152227	574615.217727	242022.0	241207.0	483229.0	63800.0	780905.217727	1410844.0	1092855.0	1640928.0	0.942254	0.976125	36.0	38.0	74.0	1681064.043103	0.0
sub-0010005	5434.3	650.8	14044.0	55772.6	8010.1	4515.2	6584.8	1954.1	791.9	1602.8	19563.8	4343.8	1695.2	242487.1	751.6	3815.6	0.0	0.0	3898.0	555.1	14786.2	56419.1	7617.0	4698.3	6401.1	1907.0	4415.4	1678.5	705.8	4498.7	0.0	0.0	0.0	25.9	0.0	0.0	0.0	0.0	0.0	0.0	863.5	590.9	804.1	692.8	748.5	1396979.0	1133062.0	258440.157533	260001.291941	518441.449475	216142.5	218778.5	434921.0	65506.0	698560.449475	1254343.0	990426.0	1516760.0	0.874502	0.949484	51.0	47.0	98.0	1597457.188079	0.0
sub-4016887	6443.3	656.0	13427.4	70939.7	8309.4	5115.2	6091.0	1951.4	737.1	1831.5	18947.1	4115.7	1999.5	262478.8	721.0	3812.6	0.0	0.0	5832.4	610.2	13791.1	70866.6	8137.8	5244.1	5869.7	1815.9	4092.1	1841.4	778.1	3720.6	0.0	0.0	0.0	9.4	0.0	0.0	0.0	0.0	0.0	0.0	977.9	610.9	772.1	457.8	1228.1	1583612.0	1289772.0	328986.301582	329002.419076	657988.720659	216391.5	214945.5	431337.0	65391.0	868008.720659	1412416.0	1118576.0	1623474.0	0.930472	0.953894	34.0	22.0	56.0	1701944.154433	0.0
sub-7407032	17291.5	814.2	16157.9	62670.3	7558.9	4249.7	6519.1	2135.4	1230.2	4521.9	25215.0	4416.5	2078.2	309563.6	780.6	4925.5	0.0	0.0	16562.4	759.0	16020.7	61777.0	7820.4	4437.4	6716.1	2082.6	4444.7	2254.7	653.8	4964.6	0.0	0.0	0.0	3.6	0.0	0.0	0.0	0.0	0.0	0.0	1098.3	572.4	544.9	513.9	920.3	1692757.0	1332657.0	306512.845612	308475.9004	614988.746012	253651.5	257260.5	510912.0	68108.0	810181.746012	1534588.0	1174488.0	1825192.0	0.91115	0.982435	5.0	7.0	12.0	1857824.86889	0.0
sub-0010002	5041.4	525.7	12068.6	51944.4	6493.2	4446.1	5173.5	1727.0	615.3	1181.2	15153.7	3672.5	1727.8	226739.8	701.8	3376.3	0.0	0.0	4844.0	580.3	12510.9	49798.3	6076.8	4461.9	5317.1	1642.4	3743.7	1668.1	697.1	3410.7	0.0	0.0	0.0	11.2	0.0	0.0	0.0	0.0	0.0	0.0	770.8	480.3	668.9	479.0	911.8	1276750.0	1031236.0	238742.24641	235737.534902	474479.781312	199577.0	198148.0	397725.0	56410.0	635624.781312	1148401.0	902887.0	1358269.0	0.90458	0.962336	49.0	40.0	89.0	1411428.512144	0.0
sub-0023012	3890.1	471.5	14114.2	60544.8	7479.1	4663.0	5704.3	1741.8	579.3	2660.1	19393.3	4851.2	1901.5	269454.3	651.8	3903.0	0.0	0.0	3455.7	694.8	13916.3	58508.1	7396.3	4602.1	6192.0	1666.9	4760.1	1910.5	654.1	3900.8	0.0	0.0	0.0	3.0	0.0	0.0	0.0	0.0	0.0	0.0	727.3	270.6	626.1	379.8	950.0	1431412.0	1139467.0	274044.511422	279541.21356	553585.724983	193099.5	196141.5	389241.0	63528.0	739012.724983	1282429.0	990484.0	1464524.0	0.941074	0.962843	11.0	20.0	31.0	1521041.460735	0.0
sub-4075719	3905.5	800.9	12945.3	63076.3	8667.1	4655.3	6696.6	1801.6	924.3	1810.6	20400.1	4564.1	1942.7	283417.0	674.4	4537.8	0.0	0.0	4111.8	618.3	12942.9	60428.0	8361.5	4661.1	6393.8	1654.0	4958.3	2085.3	604.4	4355.8	0.0	0.0	0.0	5.9	0.0	0.0	0.0	0.0	0.0	0.0	727.5	421.2	797.3	724.8	707.0	1575280.0	1269787.0	305197.00464	302591.734881	607788.739521	232034.5	233921.5	465956.0	68125.0	801961.739521	1423919.0	1118426.0	1677001.0	0.929002	0.98899	21.0	21.0	42.0	1695669.476279	0.0
sub-8915162	5375.0	568.0	17640.7	71782.2	8188.5	4719.2	6553.8	1911.7	760.9	1647.3	18737.7	4459.6	1511.2	269397.6	681.0	3945.5	0.0	0.0	5727.9	531.2	16564.8	69275.2	7924.8	4502.6	6831.2	1733.7	4625.0	1659.5	688.6	3802.7	0.0	0.0	0.0	14.1	0.0	0.0	0.0	0.0	0.0	0.0	955.0	509.0	801.3	787.8	887.3	1539375.0	1248573.0	279110.727663	279635.915128	558746.64279	236764.5	241562.5	478327.0	65676.0	768189.64279	1362400.0	1071598.0	1714734.0	0.864438	0.962912	91.0	107.0	198.0	1780780.394299	0.0
sub-0010034	7793.3	531.9	17258.5	74619.6	8117.6	5245.2	6173.0	1968.5	997.3	2682.2	22235.8	4301.8	1630.5	267105.9	799.3	4580.8	0.0	0.0	6434.8	417.6	16608.8	70704.6	7943.8	5341.7	6280.4	1865.6	4243.3	1654.6	826.1	4359.4	0.0	0.0	0.0	6.9	0.0	0.0	0.0	0.0	0.0	0.0	927.0	593.9	760.7	511.5	1223.9	1546803.0	1257068.0	291875.712755	289260.799586	581136.512341	225320.0	225583.0	450903.0	67589.0	797501.512341	1364955.0	1075220.0	1613112.0	0.921577	0.961084	48.0	38.0	86.0	1678430.327753	0.0
sub-0010033	3530.3	362.4	14119.1	59849.2	7626.0	4328.3	5889.7	1710.6	778.9	2239.4	19959.1	4239.9	1534.2	272748.3	717.0	3884.2	0.0	0.0	4167.1	396.6	14490.0	61200.2	7164.0	4470.4	5923.0	1721.1	4146.4	1772.6	765.0	3774.5	0.0	0.0	0.0	6.1	0.0	0.0	0.0	0.0	0.0	0.0	939.1	443.8	712.9	642.4	673.4	1442638.0	1154368.0	276760.864898	274115.896167	550876.761065	208588.5	207902.5	416491.0	61797.0	737239.761065	1290529.0	1002259.0	1489980.0	0.927575	0.958014	33.0	32.0	65.0	1555279.539642	0.0
sub-2208591	5720.6	910.4	13588.6	55520.2	7833.1	4039.4	6622.2	1947.9	834.3	2530.9	17720.7	3933.8	1753.8	248073.3	681.7	3715.6	0.0	0.0	4623.7	1019.1	13666.8	52545.5	7571.8	3969.9	6351.1	1902.7	4142.5	1833.6	676.5	3791.6	0.0	0.0	0.0	20.2	0.0	0.0	0.0	0.0	0.0	0.0	787.9	684.9	958.6	813.3	863.5	1380902.0	1109198.0	244387.859305	243804.228109	488192.087414	222276.5	221136.5	443413.0	63243.0	662277.087414	1243909.0	972205.0	1433124.0	0.932448	0.96771	9.0	18.0	27.0	1480942.964439	0.0
sub-2756846	5384.4	386.7	13004.7	55446.2	7381.8	3820.6	5516.9	1688.2	660.9	2172.0	19644.7	4450.2	2027.3	311656.0	653.6	4120.7	0.0	0.0	4927.5	342.1	12242.2	57497.3	7057.4	3952.6	5415.8	1611.3	4504.5	1957.1	664.4	4222.2	0.0	0.0	0.0	1.0	0.0	0.0	0.0	0.0	0.0	0.0	906.1	453.9	529.7	603.2	783.8	1439021.0	1111289.0	257782.03592	259523.476775	517305.512695	205736.5	204394.5	410131.0	60775.0	694103.512695	1298137.0	970405.0	1525083.0	0.947656	1.004331	9.0	10.0	19.0	1518505.738658	0.0
sub-9499804	7276.1	657.1	11940.1	61111.7	7237.5	3917.8	5897.2	1811.2	677.9	1987.7	18698.3	4261.1	1750.6	241350.6	611.3	3945.6	0.0	0.0	6956.7	574.4	11782.3	59829.8	7306.9	4025.9	5694.5	1702.3	4342.6	1834.4	607.5	4100.0	0.0	0.0	0.0	17.5	0.0	0.0	0.0	0.0	0.0	0.0	720.8	429.6	691.5	421.0	871.6	1418921.0	1149490.0	285086.448208	286038.518062	571124.96627	197095.0	197499.0	394594.0	60688.0	756026.96627	1271727.0	1002296.0	1434570.0	0.943612	0.954019	16.0	9.0	25.0	1503711.783926	0.0
sub-0010041	7486.5	843.1	17062.5	68741.1	7630.6	4872.3	6242.0	2078.1	807.3	2879.1	20149.1	4100.5	1592.4	242252.3	669.6	4088.9	0.0	0.0	6731.8	552.3	16716.7	68147.9	7452.9	5076.2	5971.5	1979.2	4246.5	1569.3	642.8	3994.5	0.0	0.0	0.0	8.4	0.0	0.0	0.0	0.0	0.0	0.0	808.9	500.5	780.1	750.0	929.1	1458878.0	1191331.0	275296.345171	276680.49185	551976.837021	217325.0	220617.0	437942.0	64383.0	756246.837021	1286036.0	1018489.0	1544880.0	0.908851	0.962429	73.0	52.0	125.0	1605189.2844	0.0
sub-0023005	5841.3	344.2	12084.5	53773.7	7259.1	4910.3	6002.9	1822.8	654.9	1709.7	16728.9	4001.5	1522.6	237460.0	620.3	3477.2	0.0	0.0	4427.8	323.6	12299.3	56326.2	6862.9	5044.4	5883.6	1817.8	4023.8	1570.6	657.3	3549.6	0.0	0.0	0.0	16.6	0.0	0.0	0.0	0.0	0.0	0.0	917.6	500.9	638.1	474.8	1039.9	1312052.0	1051706.0	250065.021385	252849.3889	502914.410284	183254.5	183160.5	366415.0	60711.0	676765.410284	1175271.0	914925.0	1351294.0	0.931702	0.959568	18.0	14.0	32.0	1408231.421599	0.0
sub-0010015	6961.9	781.2	13241.3	46799.9	7889.6	4899.2	6295.9	2132.3	835.8	1637.0	16727.1	4001.8	1662.0	252303.8	647.3	4061.7	0.0	0.0	4771.0	653.3	13692.6	48717.9	7598.9	5040.5	6108.4	2258.7	4428.6	1746.5	560.1	4003.6	0.0	0.0	0.0	4.3	0.0	0.0	0.0	0.0	0.0	0.0	1069.5	580.5	742.7	578.0	1047.4	1401445.0	1126820.0	265580.304384	261933.044913	527513.349297	219875.5	219767.5	439643.0	64612.0	689772.349297	1278220.0	1003595.0	1547550.0	0.848893	0.937393	113.0	107.0	220.0	1650908.508106	0.0
sub-2074737	3591.7	338.4	12686.5	60112.3	9061.2	4242.2	7172.6	1947.5	624.1	1728.9	20212.1	4642.0	1891.1	283642.0	829.3	4346.7	0.0	0.0	3270.5	432.7	12754.4	61436.7	8221.7	4453.7	6930.4	1962.0	4470.5	1888.9	782.2	4214.6	0.0	0.0	0.0	7.7	0.0	0.0	0.0	0.0	0.0	0.0	846.9	517.3	548.7	472.0	923.4	1586095.0	1289333.0	312737.807596	316915.256066	629653.063661	233102.5	234166.5	467269.0	69041.0	823405.063661	1436952.0	1140190.0	1704454.0	0.917178	0.985621	13.0	18.0	31.0	1729320.728513	0.0
sub-0027004	8418.6	969.3	13382.2	56869.2	8252.6	4025.3	6288.6	1645.3	821.2	1696.3	20710.5	4082.0	1959.3	282391.0	689.8	4260.4	0.0	0.0	7983.5	562.5	12951.3	54654.1	8124.1	4116.9	5839.8	1582.9	4005.2	1906.1	750.2	4207.3	0.0	0.0	0.0	100.3	0.0	0.0	0.0	0.0	0.0	0.0	727.2	424.1	735.0	433.6	973.0	1610638.0	1297999.0	331958.890742	330291.391011	662250.281753	229655.0	230980.0	460635.0	63865.0	840401.281753	1470887.0	1158248.0	1690561.0	0.911922	0.957173	9.0	7.0	16.0	1766201.866882	0.0
sub-0010024	8330.2	763.2	15225.2	67604.5	7704.5	5048.1	7771.4	2463.9	1293.4	2846.2	20762.5	4493.1	1706.0	297706.3	1010.3	4270.7	0.0	0.0	7314.6	541.3	14831.3	65408.6	7776.5	5249.0	7467.5	2140.9	4607.2	1569.1	1082.1	4323.7	0.0	0.0	0.0	23.9	0.0	0.0	0.0	0.0	0.0	0.0	959.9	561.8	824.4	452.7	1117.9	1640206.0	1315803.0	306234.396037	307322.22476	613556.620797	250943.5	248578.5	499522.0	70858.0	820206.620797	1475299.0	1150896.0	1699783.0	0.91207	0.945199	56.0	47.0	103.0	1798333.353851	0.0
sub-0010023	5040.3	580.7	15469.4	57986.5	7000.1	4341.2	6983.7	1942.8	912.2	2673.0	21709.6	4736.8	1799.2	289726.2	675.1	4324.7	0.0	0.0	5277.9	575.2	15362.7	58889.3	7000.5	4331.5	6875.3	1746.6	4948.1	1917.8	654.2	4174.5	0.0	0.0	0.0	196.3	0.0	0.0	0.0	0.0	0.0	0.0	283.0	352.6	328.8	417.8	616.4	1516487.0	1204881.0	272230.021319	276393.470233	548623.491552	230928.0	233115.0	464043.0	65470.0	734258.491552	1366674.0	1055068.0	1618471.0	0.908935	0.970061	54.0	44.0	98.0	1668422.279126	0.0
sub-0010040	4580.5	634.9	15318.6	62105.5	8061.0	4518.9	6995.5	2000.3	692.0	1834.4	21063.1	3938.5	1660.6	273803.7	846.6	3839.2	0.0	0.0	4349.5	653.9	14726.8	61647.7	7451.4	4654.9	6894.0	1870.7	3781.6	1853.3	840.0	4024.7	0.0	0.0	0.0	161.5	0.0	0.0	0.0	0.0	0.0	0.0	894.3	530.5	507.5	528.5	917.9	1471241.0	1180686.0	275033.256723	272016.81127	547050.067992	219827.5	219977.5	439805.0	65205.0	739655.067992	1315075.0	1024520.0	1534077.0	0.913598	0.952617	68.0	51.0	119.0	1610381.554664	0.0
sub-0010078	4562.7	948.1	17733.2	68091.6	8120.1	4561.5	6327.5	1809.4	793.1	2421.2	21144.6	3800.9	1542.1	259062.1	821.0	4081.1	0.0	0.0	4372.1	784.7	17867.4	67839.0	7934.5	4636.4	6186.2	1698.5	4279.7	1491.8	743.8	3983.2	0.0	0.0	0.0	10.0	0.0	0.0	0.0	0.0	0.0	0.0	845.9	532.0	707.9	440.9	1145.1	1507601.0	1227594.0	289858.674218	294083.866885	583942.541104	219595.0	222505.0	442100.0	64051.0	787428.541104	1333845.0	1053838.0	1619021.0	0.902962	0.969696	65.0	40.0	105.0	1669617.709752	0.0
sub-0010071	5164.4	562.4	13589.9	56911.8	6768.4	3965.9	5293.8	1703.4	816.4	1937.9	17270.5	3945.2	1694.8	236602.8	594.3	3554.4	0.0	0.0	5700.9	547.9	13992.1	58255.1	6541.6	3902.6	5223.5	1600.4	4182.2	1844.6	648.8	3461.0	0.0	0.0	0.0	9.0	0.0	0.0	0.0	0.0	0.0	0.0	927.1	554.9	739.2	569.3	1125.2	1327563.0	1072098.0	246931.317472	244793.542645	491724.860118	202055.0	198319.0	400374.0	56749.0	666985.860118	1182897.0	927432.0	1375848.0	0.926668	0.960372	34.0	23.0	57.0	1432619.606029	0.0
sub-0010085	5477.2	524.2	12053.9	46829.0	6684.9	3906.1	5524.4	1700.5	580.5	1506.7	16540.2	3691.0	1338.6	240236.6	572.3	3584.3	0.0	0.0	6205.2	554.7	12379.1	46494.5	6635.5	4011.6	5346.2	1591.5	3590.2	1308.5	601.1	3472.4	0.0	0.0	0.0	4.7	0.0	0.0	0.0	0.0	0.0	0.0	754.8	379.5	681.9	399.7	1114.8	1273607.0	1014419.0	251064.345979	249528.483512	500592.829492	181053.0	182847.0	363900.0	55742.0	652802.829492	1153596.0	894408.0	1325954.0	0.919574	0.95737	42.0	23.0	65.0	1384996.246914	0.0
sub-0010049	7179.7	662.8	11560.6	54297.5	6861.0	3848.5	5806.8	1607.5	765.4	2174.9	15742.7	4482.5	1704.5	258219.4	613.5	3284.4	0.0	0.0	6657.8	729.7	11978.9	52311.1	6694.0	4140.4	5666.1	1508.1	4610.2	1720.6	590.5	3383.6	0.0	0.0	0.0	8.2	0.0	0.0	0.0	0.0	0.0	0.0	941.1	468.4	798.8	440.9	1023.3	1429439.0	1148853.0	287199.128057	284316.272251	571515.400308	210578.5	206910.5	417489.0	58533.0	738960.400308	1297364.0	1016778.0	1457457.0	0.927306	0.945481	51.0	46.0	97.0	1541497.217699	0.0
sub-0010076	6247.4	413.1	11445.5	45510.2	6009.6	3380.5	4552.2	1539.6	603.7	1270.3	16494.8	4305.9	1533.7	263590.1	568.9	3220.2	0.0	0.0	5598.8	572.5	11318.6	44664.2	5748.6	3427.7	4928.8	1602.5	4386.4	1567.2	556.6	3248.1	0.0	0.0	0.0	3.8	0.0	0.0	0.0	0.0	0.0	0.0	669.7	405.4	530.5	461.7	825.3	1256208.0	972450.0	234316.087001	233765.026106	468081.113107	177791.5	178909.5	356701.0	52661.0	614301.113107	1140562.0	856804.0	1336355.0	0.935472	0.995156	55.0	39.0	94.0	1342860.033406	0.0
sub-0010022	6686.5	855.2	17528.5	59680.5	7887.8	5450.8	6582.3	1931.5	1100.9	1882.1	20882.1	4165.0	1403.5	314706.7	812.4	4182.7	0.0	0.0	6915.1	818.5	18411.0	63932.6	7714.9	5513.8	6662.1	1900.1	4092.6	1440.1	764.4	4263.3	0.0	0.0	0.0	24.4	0.0	0.0	0.0	0.0	0.0	0.0	683.7	415.7	429.7	453.3	1001.3	1588439.0	1250629.0	299480.42609	289913.573638	589393.999728	232041.5	228521.5	460563.0	66411.0	782170.999728	1427695.0	1089885.0	1749296.0	0.863569	0.95102	104.0	100.0	204.0	1839389.471995	0.0
sub-2996531	7336.9	819.5	18586.7	71724.2	8783.6	3877.2	6530.3	1951.5	850.4	2430.7	22227.3	4164.6	1869.7	307752.2	763.7	4308.2	0.0	0.0	4816.5	637.1	18273.5	71486.2	8171.0	4021.0	6295.5	1804.4	4573.1	1805.6	783.1	4153.9	0.0	0.0	0.0	11.0	0.0	0.0	0.0	0.0	0.0	0.0	749.0	442.2	436.6	394.4	811.6	1639072.0	1311050.0	294392.637782	300360.428863	594753.066645	245950.5	246019.5	491970.0	66089.0	807382.066645	1456916.0	1128894.0	1680682.0	0.919049	0.94238	60.0	66.0	126.0	1783444.244695	0.0
sub-0027005	7861.7	488.2	12760.8	54521.7	7022.4	3984.6	5476.9	1649.4	926.9	2780.0	18737.3	4709.4	2021.7	313735.3	704.1	3806.9	0.0	0.0	7190.0	461.2	12882.3	52268.9	6950.4	4083.7	5559.8	1646.8	4639.1	1981.2	737.4	3979.0	0.0	0.0	0.0	0.0	0.0	0.0	0.0	0.0	0.0	0.0	720.8	395.8	670.5	568.4	837.0	1386446.0	1048905.0	250901.76063	247967.635384	498869.396014	182767.0	181882.0	364649.0	60926.0	669313.396014	1251996.0	914455.0	1487388.0	0.920542	0.987563	11.0	9.0	20.0	1506119.589377	0.0
sub-0010013	4479.9	10.7	0.0	105.5	7528.2	4155.2	6084.2	1849.5	709.7	0.0	4821.2	594.3	1198.6	208379.8	696.8	2550.8	0.0	0.0	5003.7	561.9	0.0	4065.9	7458.4	4239.0	6053.8	1720.9	3842.8	1472.1	743.9	3779.9	0.0	0.0	0.0	49.4	0.0	0.0	0.0	0.0	0.0	0.0	1023.6	534.2	634.4	617.2	895.0	1128469.0	903479.0	210115.17805	289325.735692	499440.913741	159084.5	217245.5	376330.0	55812.0	559533.913741	1124188.0	899198.0	1266833.0	0.76626	0.860213	177.0	41.0	218.0	1472697.438304	0.0
sub-0015048	5745.1	370.1	11373.0	58248.5	7958.4	4970.2	5996.6	1871.1	656.0	1814.2	18458.0	4528.2	1695.9	254103.8	602.9	3887.3	0.0	0.0	3519.0	374.1	11363.3	57253.9	7697.7	5028.6	5948.3	1873.0	4492.2	1727.8	615.6	4102.6	0.0	0.0	0.0	3.7	0.0	0.0	0.0	0.0	0.0	0.0	683.4	392.5	499.0	503.5	727.7	1417967.0	1138789.0	288760.30515	284691.178516	573451.483666	195855.0	192918.0	388773.0	64690.0	756193.483666	1277736.0	998558.0	1462952.0	0.950465	0.980618	19.0	4.0	23.0	1491867.125718	0.0
sub-0016050	5170.5	467.1	17854.0	67361.9	8575.6	4467.0	6229.5	1799.8	755.5	1767.7	23234.8	4550.7	1652.2	291975.4	777.4	4245.3	0.0	0.0	9266.1	580.8	17261.4	70544.6	8118.1	4776.8	6053.7	1801.3	4366.6	1925.1	759.3	4315.9	0.0	0.0	0.0	385.6	0.0	0.0	0.0	0.0	0.0	0.0	1046.1	604.8	589.2	600.9	1201.4	1664506.0	1342360.0	308841.729208	310783.969272	619625.69848	250835.0	249966.0	500801.0	66547.0	827530.69848	1489078.0	1166932.0	1712349.0	0.943276	0.970388	17.0	10.0	27.0	1764602.150173	0.0
sub-1502229	2837.8	490.5	12897.8	54802.8	7860.0	5154.8	6878.1	1995.1	530.3	1964.5	17763.3	4160.3	1953.5	235119.2	766.9	3663.7	0.0	0.0	3756.4	881.6	13080.9	54628.0	7618.7	5004.0	6931.9	1976.6	3754.1	2023.0	849.6	3794.4	0.0	0.0	0.0	45.3	0.0	0.0	0.0	0.0	0.0	0.0	734.3	443.0	591.1	485.0	676.8	1460815.0	1203955.0	302535.560776	294595.246062	597130.806839	215792.5	215232.5	431025.0	65837.0	775141.806839	1323322.0	1066462.0	1511745.0	0.920721	0.952822	13.0	17.0	30.0	1586598.313299	0.0
sub-0015041	7511.4	500.7	15235.6	70250.8	7863.1	4981.2	6462.3	1926.8	693.2	2001.8	22887.2	4487.8	2058.1	258808.1	808.5	4199.9	0.0	0.0	13385.5	541.6	15558.4	70790.3	7725.3	5020.5	6709.3	1975.2	4092.1	2069.8	708.4	4327.0	0.0	0.0	0.0	329.3	0.0	0.0	0.0	0.0	0.0	0.0	1068.2	537.7	562.6	524.7	1047.7	1551554.0	1256359.0	281624.167479	283194.901787	564819.069266	233087.5	237010.5	470098.0	67458.0	775904.069266	1377968.0	1082773.0	1625628.0	0.911116	0.954614	20.0	6.0	26.0	1702915.688415	0.0
sub-0021046	4567.5	562.3	12604.7	56930.1	7935.3	3958.6	6526.1	1861.4	746.3	1081.4	16779.3	4538.1	1722.3	282913.0	713.7	3993.7	0.0	0.0	4933.3	459.3	12267.5	54972.2	7856.5	3986.1	6492.0	1767.2	4732.6	1810.0	671.2	3757.1	0.0	0.0	0.0	8.0	0.0	0.0	0.0	0.0	0.0	0.0	783.6	437.5	794.0	855.7	817.3	1492898.0	1192997.0	297296.932656	285271.94726	582568.879917	217932.0	213156.0	431088.0	64526.0	761661.879917	1353997.0	1054096.0	1576880.0	0.916352	0.967901	40.0	32.0	72.0	1629175.481348	0.0
sub-0021041	4144.0	607.1	13461.4	59080.4	6949.9	4153.2	5561.0	1659.0	691.4	1957.3	18762.5	3879.0	1651.6	240775.4	784.5	3967.4	0.0	0.0	4251.2	714.4	13037.3	58962.7	6801.0	4196.2	5467.5	1496.0	4062.4	1824.2	739.8	3892.1	0.0	0.0	0.0	8.8	0.0	0.0	0.0	0.0	0.0	0.0	785.0	421.6	689.1	686.2	768.8	1403998.0	1144376.0	274283.355315	274616.453882	548899.809197	208703.5	209236.5	417940.0	58873.0	728960.809197	1257459.0	997837.0	1469961.0	0.930147	0.973847	37.0	33.0	70.0	1509436.770806	0.0
sub-0010104	26353.8	660.7	17170.4	67088.7	7396.8	4625.0	6491.1	2102.4	1203.5	2944.5	22221.3	3747.1	1877.5	296832.9	675.1	3985.5	0.0	0.0	14544.5	483.7	16991.0	65914.6	7342.1	4737.9	6353.0	2020.7	4074.4	1970.5	664.7	3916.0	0.0	0.0	0.0	6.9	0.0	0.0	0.0	0.0	0.0	0.0	1163.6	505.3	686.1	501.4	1146.8	1701385.0	1354434.0	315761.376601	312594.728698	628356.105299	261315.5	260370.5	521686.0	64311.0	829238.105299	1532243.0	1185292.0	1776082.0	0.922619	0.963125	34.0	32.0	66.0	1844081.656525	0.0
sub-0015015	7868.7	334.8	8436.3	50593.9	5457.2	3453.2	4715.0	1336.8	515.3	1817.8	12262.6	3389.1	1478.1	199638.3	613.5	2822.2	0.0	0.0	5829.9	308.5	8420.5	48923.4	5475.7	3510.0	4611.2	1311.9	3321.5	1494.6	675.7	2721.7	0.0	0.0	0.0	3.0	0.0	0.0	0.0	0.0	0.0	0.0	584.8	312.5	500.6	291.4	747.6	1176185.0	948440.0	256411.485566	254117.772123	510529.257689	146636.0	144803.0	291439.0	47875.0	659781.257689	1058606.0	830861.0	1216309.0	0.944764	0.976993	15.0	16.0	31.0	1244951.263338	0.0
sub-0010103	5732.9	478.6	14327.8	66368.2	7553.1	4145.4	5113.2	1671.6	1116.5	2025.0	17958.1	4344.6	1711.1	380329.2	618.4	3707.0	0.0	0.0	6693.7	496.7	14509.1	65015.4	7313.1	4172.0	5175.2	1581.9	3915.7	1579.5	597.5	3624.6	0.0	0.0	0.0	6.8	0.0	0.0	0.0	0.0	0.0	0.0	631.2	356.0	552.9	452.4	893.7	1597068.0	1197593.0	282577.223411	283727.045477	566304.268889	214520.5	213174.5	427695.0	58934.0	759828.268889	1434581.0	1035106.0	1588365.0	0.967951	0.962677	45.0	55.0	100.0	1649946.415928	0.0
sub-5971050	4101.5	477.3	13023.0	60619.6	6164.6	3191.3	5088.1	1569.4	676.9	1858.0	16050.0	3253.8	1299.6	208201.2	701.8	3003.9	0.0	0.0	4604.3	586.6	12322.3	56998.5	6362.6	3440.3	4917.5	1530.4	3267.6	1366.9	588.8	3049.9	0.0	0.0	0.0	6.2	0.0	0.0	0.0	0.0	0.0	0.0	880.9	386.7	711.6	502.0	1100.2	1298043.0	1069494.0	260637.035903	262520.468405	523157.504308	187303.5	188711.5	376015.0	50565.0	694206.504308	1153001.0	924452.0	1377030.0	0.897811	0.952444	53.0	36.0	89.0	1445786.051912	0.0
sub-0025014	8269.1	464.1	14903.7	69343.8	7178.1	3974.1	6120.1	1728.4	952.7	1287.6	19647.3	4278.6	1629.0	258808.7	745.7	3779.4	0.0	0.0	6975.4	544.0	14864.4	68019.3	7232.6	4133.1	5961.6	1526.2	4293.5	1725.1	785.6	3718.5	0.0	0.0	0.0	4.2	0.0	0.0	0.0	0.0	0.0	0.0	959.8	453.1	640.8	706.8	665.1	1385453.0	1100902.0	267282.755812	264393.468723	531676.224535	181082.5	177687.5	358770.0	60856.0	732916.224535	1216529.0	931978.0	1466621.0	0.936889	0.991777	14.0	16.0	30.0	1478780.433432	0.0
sub-0015023	3503.0	408.9	10294.4	53216.2	6990.0	4630.8	5948.0	1797.9	502.3	1244.4	16195.1	3918.9	1638.3	229545.2	665.9	3384.3	0.0	0.0	3065.9	479.4	10258.6	53285.8	6897.0	4538.0	5933.8	1687.4	4050.0	1664.2	632.5	3515.6	0.0	0.0	0.0	127.2	0.0	0.0	0.0	0.0	0.0	0.0	908.9	405.0	693.4	624.0	872.2	1313886.0	1064538.0	274787.6861	273230.360425	548018.046526	177977.0	176032.0	354009.0	59577.0	716347.046526	1185301.0	935953.0	1332697.0	0.94213	0.955618	7.0	5.0	12.0	1394591.658788	0.0
sub-3560456	5739.1	606.4	11723.5	49796.6	6520.4	3300.3	5556.1	1596.8	940.1	2644.1	14314.4	3642.5	1380.1	229377.5	677.3	3479.5	0.0	0.0	6032.4	526.0	9904.8	50012.8	6174.7	3309.0	5292.7	1319.8	4527.8	1406.7	736.9	3612.0	0.0	0.0	0.0	62.4	0.0	0.0	0.0	0.0	0.0	0.0	554.0	425.3	602.0	545.9	525.8	1149643.0	898976.0	213026.558495	212008.13148	425034.689975	157731.5	157895.5	315627.0	53533.0	579127.689975	1027937.0	777270.0	1294964.0	0.84907	0.956397	71.0	81.0	152.0	1354002.724299	0.0
sub-0015024	3954.8	515.6	11921.4	63475.6	7858.8	4162.1	5723.8	1834.6	719.8	1871.9	18058.6	4507.9	1787.6	260064.6	647.4	3670.7	0.0	0.0	4550.7	419.7	11822.4	62660.7	7704.4	4400.1	5433.7	1710.3	4629.4	1891.9	642.8	3853.0	0.0	0.0	0.0	1.0	0.0	0.0	0.0	0.0	0.0	0.0	860.4	465.3	725.6	715.7	761.5	1483983.0	1202962.0	308353.080545	310899.026216	619252.106761	198420.0	200600.0	399020.0	62149.0	810191.106761	1332001.0	1050980.0	1530712.0	0.930094	0.959381	24.0	20.0	44.0	1595519.627099	0.0
sub-0021023	3601.4	461.0	12032.7	50467.3	6435.6	4137.5	5602.0	1592.5	676.6	1856.2	15430.9	3405.7	1357.7	251198.8	721.7	3139.7	0.0	0.0	4699.5	397.3	12022.5	48203.8	6248.0	4333.8	5275.2	1560.5	3561.3	1523.8	629.7	3040.2	0.0	0.0	0.0	7.2	0.0	0.0	0.0	0.0	0.0	0.0	858.5	428.1	688.4	736.9	759.5	1346230.0	1077991.0	260173.33687	260794.489689	520967.826559	197205.0	200796.0	398001.0	54243.0	676913.826559	1221240.0	953001.0	1382206.0	0.928039	0.952839	41.0	25.0	66.0	1450618.356487	0.0
sub-0015040	4483.8	390.2	13759.9	58188.7	7492.9	4814.3	5414.1	1789.5	901.4	2649.7	20022.9	4451.3	1856.9	283070.6	658.1	4117.2	0.0	0.0	4786.3	471.2	13754.2	59762.3	7232.4	4643.1	5392.2	1782.4	4392.3	1875.3	625.8	4133.2	0.0	0.0	0.0	17.9	0.0	0.0	0.0	0.0	0.0	0.0	819.8	450.6	878.3	668.7	810.5	1577791.0	1268920.0	306511.444226	304242.388817	610753.833043	236481.0	234668.0	471149.0	62433.0	793936.833043	1430344.0	1121473.0	1661861.0	0.912386	0.961001	12.0	9.0	21.0	1729302.611806	0.0
sub-0015049	6651.8	495.4	13630.1	63931.9	7963.8	5326.4	6412.6	2207.0	679.6	2277.8	22222.2	4727.5	1757.5	252401.7	955.6	4350.2	0.0	0.0	6193.6	456.6	13462.2	63160.4	7827.7	5635.3	6086.4	2109.0	4586.9	1910.8	874.5	4340.9	0.0	0.0	0.0	7.5	0.0	0.0	0.0	0.0	0.0	0.0	801.8	504.2	679.4	509.4	1120.5	1611113.0	1331197.0	332104.552776	330728.822041	662833.374817	237403.0	236959.0	474362.0	69171.0	861872.374817	1455001.0	1175085.0	1673794.0	0.91831	0.954038	8.0	14.0	22.0	1754432.03814	0.0
sub-4053388	5375.1	571.2	11936.5	56661.3	7928.7	4057.0	6872.5	1966.8	538.8	2038.2	18526.9	4065.5	1799.3	234094.4	675.8	4100.1	0.0	0.0	8027.1	826.5	11902.7	56654.4	7523.1	4092.3	6604.9	1820.0	4070.1	1898.3	625.2	4228.8	0.0	0.0	0.0	4.5	0.0	0.0	0.0	0.0	0.0	0.0	850.6	458.8	595.6	435.0	954.7	1438527.0	1178326.0	304230.575318	301281.798093	605512.373411	199122.0	197665.0	396787.0	64146.0	785289.373411	1299612.0	1039411.0	1556340.0	0.910635	0.985214	18.0	24.0	42.0	1579697.003714	0.0
sub-4134561	8571.2	375.0	14637.6	72301.4	8925.1	4351.9	6291.3	1894.8	936.7	2040.3	20876.7	5023.3	2034.5	322649.4	876.8	4411.7	0.0	0.0	8791.2	516.1	14923.1	73708.0	8705.8	4511.3	6087.6	1803.1	5166.7	2236.9	839.1	4536.7	0.0	0.0	0.0	8.5	0.0	0.0	0.0	0.0	0.0	0.0	825.8	401.4	816.5	706.7	826.7	1778129.0	1431923.0	347284.769103	348224.260348	695509.029451	257434.5	262213.5	519648.0	69801.0	914205.029451	1600811.0	1254605.0	1871965.0	0.915505	0.963819	11.0	13.0	24.0	1942238.032312	0.0
sub-8991934	4963.5	371.6	12674.9	52843.2	7847.6	3923.2	5532.1	1668.7	933.5	2141.1	19211.2	4244.2	1686.6	292585.2	577.1	4021.8	0.0	0.0	4557.2	318.2	11978.7	51942.3	7058.6	4145.4	5173.1	1669.3	4311.2	1742.5	682.6	4077.1	0.0	0.0	0.0	103.4	0.0	0.0	0.0	0.0	0.0	0.0	585.8	374.6	657.5	513.1	607.0	1462170.0	1156174.0	272898.105285	274312.729838	547210.835124	214375.5	215875.5	430251.0	60373.0	715568.835124	1330446.0	1024450.0	1568866.0	0.908776	0.97509	4.0	6.0	10.0	1608944.770616	0.0
sub-0021022	2829.6	458.1	11750.8	55240.0	6460.6	3715.8	5756.5	1450.0	587.7	1523.4	15780.6	3719.3	1654.1	211524.1	707.8	3394.3	0.0	0.0	2623.5	499.3	11579.0	53361.2	6460.3	3905.6	5864.5	1474.2	3574.8	1745.2	711.1	3431.9	0.0	0.0	0.0	5.9	0.0	0.0	0.0	0.0	0.0	0.0	592.8	316.6	497.8	371.2	569.8	1193986.0	966507.0	247001.797012	241919.640786	488921.437798	158435.0	158034.0	316469.0	55096.0	655913.437798	1059752.0	832273.0	1248098.0	0.943295	0.986046	69.0	49.0	118.0	1265760.535106	0.0
sub-0015025	4165.5	404.9	12083.0	56405.8	7449.7	4983.1	6141.8	1816.7	712.4	1648.8	17496.7	4138.5	1822.8	238561.3	772.8	3987.3	0.0	0.0	3833.5	471.5	11546.0	55067.0	7550.4	5256.7	6158.3	1800.8	4402.9	1709.0	853.9	4072.9	0.0	0.0	0.0	7.0	0.0	0.0	0.0	0.0	0.0	0.0	803.2	435.5	498.0	456.3	889.3	1404794.0	1145545.0	295541.464539	292657.320225	588198.784764	192341.5	192179.5	384521.0	64707.0	766789.784764	1267940.0	1008691.0	1446059.0	0.927749	0.955002	20.0	13.0	33.0	1514195.516875	0.0
sub-2601519	8286.9	664.0	12676.5	55789.0	8313.1	4161.1	7206.7	2169.3	1186.3	2575.6	19856.6	4245.8	2046.7	328613.1	826.1	4393.3	0.0	0.0	5260.8	648.3	12047.9	56280.0	7342.1	4350.9	7015.1	1948.1	4731.6	2079.7	807.9	4625.5	0.0	0.0	0.0	16.5	0.0	0.0	0.0	0.0	0.0	0.0	726.8	400.1	572.1	547.3	670.5	1594507.0	1240677.0	296873.521539	295370.075546	592243.597084	232628.0	234274.0	466902.0	67928.0	774574.597084	1455922.0	1102092.0	1648383.0	0.937025	0.968685	29.0	22.0	51.0	1701670.346053	0.0
sub-0015022	3587.2	328.1	13052.8	61703.3	8382.1	4696.2	6211.1	2122.4	534.6	1399.3	20365.6	4486.0	1687.1	255992.3	693.1	4081.1	0.0	0.0	3259.0	366.7	13258.7	62164.6	8417.3	4703.1	6418.7	2017.3	4561.2	1674.9	634.2	4229.6	0.0	0.0	0.0	2.8	0.0	0.0	0.0	0.0	0.0	0.0	809.9	415.1	688.9	763.4	924.3	1540413.0	1265659.0	307983.0398	306285.109408	614268.149208	233206.0	234111.0	467317.0	66942.0	807994.149208	1388271.0	1113517.0	1568320.0	0.929762	0.946606	5.0	9.0	14.0	1656782.639791	0.0
sub-0021025	11270.6	590.3	16342.3	69942.0	6522.3	4033.3	6380.7	1827.1	970.7	2009.5	16621.0	3282.6	1576.7	259250.7	655.5	3326.4	0.0	0.0	10135.1	506.2	14985.0	65492.8	6332.2	4126.9	6392.4	1788.9	3726.0	1501.4	625.5	3354.5	0.0	0.0	0.0	91.5	0.0	0.0	0.0	0.0	0.0	0.0	835.8	421.1	678.3	464.3	1132.9	1434233.0	1144390.0	272810.389578	271188.772715	543999.162293	203908.0	202014.0	405922.0	57301.0	740232.162293	1265360.0	975517.0	1452146.0	0.935075	0.946754	50.0	52.0	102.0	1533815.635411	0.0
sub-4265987	18818.0	964.8	13414.2	59087.5	8402.1	4398.3	6230.9	1962.9	2273.1	3475.0	20918.9	4213.0	2022.1	309011.5	669.1	4574.6	0.0	0.0	15235.3	973.8	13169.5	58267.0	7999.9	4442.1	6283.5	1908.5	4426.4	2021.6	718.7	4669.3	0.0	0.0	0.0	16.9	0.0	0.0	0.0	0.0	0.0	0.0	960.9	442.0	600.9	420.9	1172.2	1616146.0	1256852.0	308908.217703	310739.143678	619647.361381	222007.5	224090.5	446098.0	67168.0	806814.361381	1470432.0	1111138.0	1755649.0	0.910886	0.989512	10.0	12.0	22.0	1774257.639898	0.0
sub-0015014	4756.6	541.8	11666.6	57722.8	7963.9	4841.3	6471.2	2008.4	598.2	2106.4	16979.8	4189.2	1869.4	249448.1	755.8	3670.1	0.0	0.0	4390.8	362.2	11464.4	58171.5	7741.3	5092.3	6344.9	1910.3	4181.4	1787.6	724.0	3561.0	0.0	0.0	0.0	3.9	0.0	0.0	0.0	0.0	0.0	0.0	708.5	467.0	486.9	465.8	735.6	1451869.0	1178912.0	305199.521849	296254.498862	601454.020711	204288.5	200961.5	405250.0	65021.0	784955.020711	1310959.0	1038002.0	1497251.0	0.934977	0.964202	11.0	8.0	19.0	1552839.891953	0.0
sub-0021013	5863.1	466.4	12798.2	61201.4	7455.4	3873.4	6611.7	1677.2	902.4	2940.6	16418.7	4232.4	1724.1	278468.5	773.5	3464.2	0.0	0.0	6728.8	454.3	12188.6	61904.6	7211.0	3897.6	6489.2	1541.3	4273.9	1616.5	737.9	3590.5	0.0	0.0	0.0	9.0	0.0	0.0	0.0	0.0	0.0	0.0	861.1	583.9	760.9	709.2	904.4	1510839.0	1209414.0	305705.397273	303369.893815	609075.291087	210456.0	209203.0	419659.0	61291.0	796375.291087	1360878.0	1059453.0	1591494.0	0.907049	0.955471	43.0	45.0	88.0	1665664.147374	0.0
sub-3349423	14629.5	664.6	17830.0	71326.6	8595.2	5727.5	7218.8	2304.1	1206.9	2633.0	22992.9	4966.5	2123.8	334738.5	862.1	4645.3	0.0	0.0	9545.0	704.6	17076.0	69862.2	8286.3	5944.1	6992.8	2123.8	5487.8	2278.7	907.4	4514.8	0.0	0.0	0.0	34.6	0.0	0.0	0.0	0.0	0.0	0.0	981.6	545.8	610.6	405.1	906.6	1808713.0	1441157.0	334941.172331	333414.105213	668355.277544	271266.0	270831.0	542097.0	75551.0	888344.277544	1630435.0	1262879.0	1864707.0	0.918048	0.946469	31.0	38.0	69.0	1970172.303323	0.0
sub-0010102	7381.4	812.8	15061.3	58251.8	8530.7	3935.9	6680.2	1896.9	939.0	2013.1	21484.9	5238.0	2083.3	330336.9	797.6	4204.9	0.0	0.0	7174.8	798.0	15056.7	55560.4	8034.5	3989.1	6363.2	1811.7	5404.5	2020.8	826.4	4182.6	0.0	0.0	0.0	19.4	0.0	0.0	0.0	0.0	0.0	0.0	1101.1	569.7	801.5	523.1	1092.6	1642570.0	1288105.0	288606.937579	283397.589313	572004.526892	267074.0	262981.0	530055.0	67982.0	756621.526892	1496816.0	1142351.0	1769782.0	0.886537	0.955196	59.0	79.0	138.0	1852794.285309	0.0
sub-0015013	5270.5	312.3	12852.5	64382.6	7731.1	5263.7	6348.3	1998.8	538.8	1421.5	19305.2	4220.3	2034.7	264358.3	921.9	3829.2	0.0	0.0	8535.7	301.9	12439.4	63168.2	7584.4	5047.8	6328.8	1883.9	4203.0	1958.0	893.2	4088.0	0.0	0.0	0.0	7.2	0.0	0.0	0.0	0.0	0.0	0.0	1050.9	462.1	589.2	479.6	1127.5	1620675.0	1327632.0	349813.360434	346043.86029	695857.220724	228428.5	221289.5	449718.0	66057.0	892401.220724	1465719.0	1172676.0	1639811.0	0.932785	0.943799	20.0	13.0	33.0	1737457.82199	0.0
sub-0021009	5912.0	601.8	13505.0	53509.8	6962.6	4398.9	5559.7	1823.0	784.9	2874.3	17209.8	3706.4	1413.5	256446.1	674.1	3661.8	0.0	0.0	4829.2	456.2	13462.2	52876.1	7003.0	4596.7	5518.0	1688.8	4066.6	1494.2	702.4	3555.2	0.0	0.0	0.0	7.4	0.0	0.0	0.0	0.0	0.0	0.0	697.1	416.0	584.9	345.3	845.0	1311709.0	1035080.0	250374.142584	252674.364371	503048.506954	179662.5	182066.5	361729.0	59021.0	671320.506954	1176162.0	899533.0	1342385.0	0.956363	0.978728	29.0	24.0	53.0	1371560.362081	0.0
sub-3999344	5486.4	610.8	14431.1	62170.5	7192.2	4107.6	6012.9	1930.0	648.1	1572.7	17770.2	3611.4	1614.4	241500.1	781.1	3818.1	0.0	0.0	5432.0	471.8	14817.2	63694.6	7120.5	4348.9	6133.6	1818.6	4016.7	1754.5	786.2	3645.1	0.0	0.0	0.0	9.2	0.0	0.0	0.0	0.0	0.0	0.0	966.7	469.1	724.3	582.1	1179.6	1375262.0	1114613.0	268614.165948	263544.623676	532158.789624	195956.5	193824.5	389781.0	60948.0	722137.789624	1217755.0	957106.0	1462797.0	0.918242	0.976688	54.0	42.0	96.0	1497712.365795	0.0
sub-0015036	3396.6	666.8	12729.7	64782.1	7337.5	4371.4	5959.3	1738.8	495.4	1597.6	20842.9	4110.8	1775.2	234843.7	747.8	3900.6	0.0	0.0	3826.6	390.5	12477.7	63289.8	7210.6	4537.6	5859.5	1729.9	4157.2	1833.8	681.2	3942.5	0.0	0.0	0.0	6.2	0.0	0.0	0.0	0.0	0.0	0.0	861.1	471.2	709.6	621.7	898.1	1397866.0	1139752.0	272364.223941	269853.932352	542218.156294	203861.0	202368.0	406229.0	61414.0	734024.156294	1242793.0	984679.0	1457197.0	0.933076	0.972679	10.0	14.0	24.0	1498126.603625	0.0
sub-0025001	4906.5	426.4	12144.1	50667.4	6811.1	3404.8	6078.6	1710.1	926.7	2528.9	17722.4	3724.7	1388.2	242225.1	707.6	3591.3	0.0	0.0	7418.9	483.1	12374.1	51339.1	6872.7	3293.2	6280.2	1590.0	3586.1	1427.2	651.0	3728.7	0.0	0.0	0.0	4.6	0.0	0.0	0.0	0.0	0.0	0.0	631.2	409.0	417.2	346.7	734.5	1181500.0	915365.0	216331.541249	217099.365394	433430.906644	154259.0	155121.0	309380.0	56692.0	594867.906644	1053169.0	787034.0	1239649.0	0.94422	0.990691	10.0	9.0	19.0	1251297.195394	0.0
sub-0010116	10301.9	745.9	13840.0	53214.4	7341.1	4238.5	7452.5	2086.8	1182.0	1681.7	19645.3	4271.2	1903.4	280819.2	750.4	4148.6	0.0	0.0	14468.0	894.3	14086.4	54016.1	7574.5	4288.3	7393.4	2051.8	4308.3	1996.3	708.8	4223.9	0.0	0.0	0.0	22.1	0.0	0.0	0.0	0.0	0.0	0.0	970.8	593.5	617.6	483.7	1056.4	1600541.0	1284196.0	291178.300943	298760.090668	589938.391611	254826.5	259939.5	514766.0	67386.0	768417.391611	1462392.0	1146047.0	1679781.0	0.91528	0.960594	28.0	34.0	62.0	1748689.20535	0.0
sub-0015038	6412.3	317.8	13136.7	65067.7	8406.5	5793.6	7045.4	2024.7	615.1	1867.6	19773.2	5142.4	1882.7	264884.4	759.2	4447.4	0.0	0.0	7638.6	351.1	12537.3	64059.1	8047.2	6100.4	6871.6	2004.8	5314.3	2148.7	696.2	4469.4	0.0	0.0	0.0	20.7	0.0	0.0	0.0	0.0	0.0	0.0	1093.1	626.9	531.7	497.5	1001.9	1554211.0	1261203.0	299115.161295	294324.432737	593439.594032	234611.5	235423.5	470035.0	72795.0	797250.594032	1397952.0	1104944.0	1605146.0	0.919479	0.949612	15.0	26.0	41.0	1690317.773505	0.0
sub-1208586	6149.0	441.0	12829.5	53178.9	8030.9	3662.1	5579.7	1773.0	700.8	2899.4	19713.8	4132.0	2023.0	286482.2	716.0	4079.9	0.0	0.0	8212.0	501.7	12385.0	55604.0	6892.0	3911.7	5289.8	1905.0	4053.9	2051.5	736.5	4161.3	0.0	0.0	0.0	6.6	0.0	0.0	0.0	0.0	0.0	0.0	1180.8	664.3	580.0	780.5	1034.7	1443590.0	1132106.0	252046.83312	254293.656784	506340.489903	223422.0	221729.0	445151.0	60881.0	678763.489903	1307744.0	996260.0	1539176.0	0.912124	0.97252	8.0	15.0	23.0	1582668.363087	0.0
sub-0010111	4526.3	802.4	15730.7	62399.1	7813.6	3839.4	6949.6	1794.6	765.1	2085.9	17218.3	3752.1	1749.6	245219.7	732.3	3414.2	0.0	0.0	3811.5	620.9	14914.5	62001.0	7288.3	3734.9	6821.0	1731.4	4219.1	1696.5	605.8	3418.2	0.0	0.0	0.0	28.0	0.0	0.0	0.0	0.0	0.0	0.0	360.3	388.1	320.9	564.3	500.6	1407272.0	1143522.0	275620.945315	262658.749422	538279.694737	209040.0	206054.0	415094.0	61605.0	726933.694737	1250338.0	986588.0	1487440.0	0.902574	0.953991	87.0	73.0	160.0	1559175.486239	0.0
sub-0016074	4708.6	331.1	12515.1	59283.6	7267.0	4033.9	5187.6	1575.0	606.1	1305.9	19322.3	4303.0	1601.2	240850.0	586.7	3770.4	0.0	0.0	7104.7	427.7	12469.8	58260.3	6953.2	3961.2	5153.8	1541.8	4320.7	1669.3	573.4	3785.4	0.0	0.0	0.0	19.0	0.0	0.0	0.0	0.0	0.0	0.0	1042.6	552.6	650.0	702.2	839.6	1294872.0	1030399.0	224742.8201	225026.194996	449769.015096	192352.5	194770.5	387123.0	58233.0	628420.015096	1150554.0	886081.0	1346689.0	0.933016	0.970352	11.0	7.0	18.0	1387834.905927	0.0
sub-4046678	4920.3	517.6	13081.7	56964.4	7756.5	4682.7	5601.6	1703.2	966.4	1892.7	19693.7	4401.6	1807.7	287373.1	694.8	4107.4	0.0	0.0	5122.2	431.0	13498.2	57725.1	7092.4	5069.7	5129.9	1733.5	4633.0	1825.2	695.1	4187.4	0.0	0.0	0.0	50.5	0.0	0.0	0.0	0.0	0.0	0.0	906.8	449.2	716.6	908.1	897.4	1516724.0	1205827.0	301997.564773	300427.532952	602425.097725	207496.0	208235.0	415731.0	62949.0	783387.097725	1372929.0	1062032.0	1588825.0	0.928577	0.972719	19.0	20.0	39.0	1633386.131668	0.0
sub-1696588	5240.8	496.0	12957.7	54547.5	7277.6	3945.2	5926.1	1800.2	816.8	1396.2	18218.2	3857.2	1013.2	244558.0	500.2	3683.7	0.0	0.0	3856.7	431.3	12473.6	51360.8	7263.7	4016.2	5820.1	1658.3	4322.6	1444.3	527.1	3628.7	0.0	0.0	0.0	14.1	0.0	0.0	0.0	0.0	0.0	0.0	638.0	419.9	567.6	353.2	875.7	1225553.0	962325.0	224099.055594	223644.869523	447743.925118	170589.5	171325.5	341915.0	58021.0	614417.925118	1092019.0	828791.0	1291407.0	0.90376	0.952323	68.0	50.0	118.0	1356059.511026	0.0
sub-3994098	7016.6	609.6	12793.8	59502.2	8217.9	3894.1	6228.0	1773.4	938.7	2216.7	18704.0	4215.0	1880.2	296152.1	731.1	4100.2	0.0	0.0	6199.2	525.8	12559.3	59653.9	7771.3	3939.7	5946.4	1701.5	4622.1	1948.6	759.9	4121.1	0.0	0.0	0.0	23.7	0.0	0.0	0.0	0.0	0.0	0.0	707.5	460.8	731.4	653.6	644.9	1507617.0	1185068.0	279201.726835	281750.735977	560952.462812	215748.5	216191.5	431940.0	63815.0	746457.462812	1361272.0	1038723.0	1622767.0	0.928528	0.999447	14.0	9.0	23.0	1623664.192153	0.0
sub-0016045	3272.0	390.2	11797.4	48128.2	7954.2	4282.9	5450.0	1632.7	547.5	2324.6	18769.2	3930.6	1609.4	240869.2	717.3	3820.4	0.0	0.0	2726.6	628.4	12028.4	51217.7	7171.9	4232.4	5212.3	1600.4	4320.4	1780.4	697.1	3809.6	0.0	0.0	0.0	101.9	0.0	0.0	0.0	0.0	0.0	0.0	651.9	303.0	607.9	888.0	756.2	1309554.0	1047801.0	250778.629552	248774.667066	499553.296618	188536.0	186875.0	375411.0	59982.0	662370.296618	1183972.0	922219.0	1360793.0	0.94547	0.982463	9.0	19.0	28.0	1385082.526708	0.0
sub-8191384	8689.5	1063.6	14707.3	56417.5	7084.3	3695.5	6223.2	1674.0	805.6	1837.3	20613.6	3740.5	1862.4	260193.5	667.1	3852.4	0.0	0.0	8711.9	926.2	14837.8	54671.7	6714.7	3854.3	6073.0	1681.7	4140.8	2015.3	593.1	4100.0	0.0	0.0	0.0	3.0	0.0	0.0	0.0	0.0	0.0	0.0	1091.0	675.1	670.3	445.7	882.2	1422193.0	1128683.0	255365.937627	256126.2339	511492.171527	219324.0	219897.0	439221.0	60286.0	686316.171527	1279115.0	985605.0	1500074.0	0.949649	1.001653	49.0	27.0	76.0	1497598.583188	0.0
sub-1481430	7870.0	423.9	16537.0	74135.4	8913.3	4819.1	6685.2	2165.9	749.2	2623.1	22412.5	5060.8	1853.8	280013.9	698.5	4452.5	0.0	0.0	5478.9	569.0	16229.2	73405.1	8363.7	4900.0	6299.7	1960.5	4962.8	2203.7	710.1	4484.0	0.0	0.0	0.0	12.4	0.0	0.0	0.0	0.0	0.0	0.0	958.3	583.7	811.1	888.3	959.7	1696197.0	1388274.0	335373.311691	336994.324677	672367.636369	246389.5	247575.5	493965.0	70442.0	893822.636369	1513604.0	1205681.0	1783904.0	0.920048	0.967622	30.0	24.0	54.0	1843595.471018	0.0
sub-0025009	5912.7	829.7	19109.2	67231.5	9908.2	5467.1	6634.0	2264.9	774.2	2790.2	25193.7	4374.6	1928.3	354861.0	808.8	4780.4	0.0	0.0	5764.7	520.4	18192.0	64879.6	9320.8	5604.9	6299.4	2119.1	4736.4	1961.5	818.3	5068.3	0.0	0.0	0.0	20.4	0.0	0.0	0.0	0.0	0.0	0.0	1205.7	769.3	891.9	1106.8	1245.0	1800884.0	1425211.0	318977.501328	312971.74223	631949.243558	291992.0	285751.0	577743.0	74626.0	842606.243558	1628866.0	1253193.0	1873886.0	0.923612	0.961052	20.0	8.0	28.0	1949827.897729	0.0
sub-0021006	5257.0	669.9	14170.9	67059.4	7021.3	3609.9	5319.6	1457.3	749.6	1852.7	16976.6	4220.0	1604.0	248577.7	680.9	3349.9	0.0	0.0	4517.8	550.8	13254.6	61700.2	6827.2	3528.1	5300.6	1477.5	4060.5	1658.7	640.4	3352.0	0.0	0.0	0.0	32.7	0.0	0.0	0.0	0.0	0.0	0.0	809.7	483.3	824.4	406.4	931.1	1448788.0	1180522.0	289239.314141	286769.133579	576008.447719	210381.5	208680.5	419062.0	56253.0	763905.447719	1290484.0	1022218.0	1536767.0	0.919741	0.975594	63.0	38.0	101.0	1575212.388142	0.0
sub-0015008	6308.8	436.7	12453.7	60045.7	8067.8	4654.4	6313.6	1918.6	782.4	1997.1	18878.7	4436.7	1701.8	247896.0	696.2	3967.5	0.0	0.0	5649.0	501.1	12447.5	60063.6	7916.7	4811.0	6482.6	1921.7	4632.5	1720.0	750.1	4016.8	0.0	0.0	0.0	100.1	0.0	0.0	0.0	0.0	0.0	0.0	750.4	472.7	675.7	548.7	1051.1	1478193.0	1204403.0	297815.564695	297717.053324	595532.618019	212270.5	209236.5	421507.0	66019.0	784072.618019	1331680.0	1057890.0	1490468.0	0.928881	0.936594	13.0	15.0	28.0	1591369.815205	0.0
sub-0015037	5363.2	415.5	14819.8	62996.2	8243.8	4453.1	6294.9	2023.7	539.6	1970.1	22003.5	4619.9	1959.6	264754.4	681.3	4221.0	0.0	0.0	6750.5	393.7	14893.0	65138.3	7715.8	4505.9	5869.0	1881.5	4639.9	1935.1	780.7	4391.6	0.0	0.0	0.0	9.6	0.0	0.0	0.0	0.0	0.0	0.0	1011.8	614.1	720.8	545.9	1283.7	1548183.0	1256135.0	291536.286688	293642.28164	585178.568329	235465.5	235089.5	470555.0	66337.0	782348.568329	1388624.0	1096576.0	1618848.0	0.923138	0.965273	11.0	15.0	26.0	1677088.163487	0.0
sub-0021030	5595.6	481.3	15221.7	61324.7	7187.8	3924.4	5882.5	1739.4	1115.4	2022.4	19809.8	4259.5	1670.5	271266.3	687.1	3942.1	0.0	0.0	9394.4	562.4	14935.1	60032.1	7046.5	4146.4	5740.5	1633.8	4887.1	1813.5	596.6	3922.3	0.0	0.0	0.0	7.6	0.0	0.0	0.0	0.0	0.0	0.0	862.5	535.6	757.9	488.2	1140.0	1525647.0	1230447.0	296252.375153	302793.283844	599045.658997	220564.5	221264.5	441829.0	61251.0	785056.658997	1372352.0	1077152.0	1590471.0	0.921714	0.960877	45.0	31.0	76.0	1655228.707656	0.0
sub-0010119	10114.7	924.4	13863.7	52696.7	6792.6	3948.8	6131.3	1741.8	1256.7	4035.7	18465.0	3998.4	1553.9	267740.1	694.7	3662.3	0.0	0.0	8190.1	684.8	12663.1	51729.0	6587.8	4018.6	6129.8	1724.9	4192.8	1671.3	657.0	3632.6	0.0	0.0	0.0	7.4	0.0	0.0	0.0	0.0	0.0	0.0	804.4	499.7	479.9	542.2	837.7	1392928.0	1095413.0	265806.749613	270412.159861	536218.909474	199070.5	201361.5	400432.0	59008.0	701655.909474	1261075.0	963560.0	1513435.0	0.896086	0.97361	61.0	53.0	114.0	1554457.586446	0.0
sub-0021008	4514.5	588.2	13389.7	57553.8	7546.0	4681.2	6350.2	1931.5	746.7	2103.1	17877.2	4410.2	1593.2	280240.5	658.4	3586.2	0.0	0.0	3981.8	560.7	12711.6	53653.6	7189.9	4802.7	6366.5	1816.1	4730.2	1604.0	676.5	3693.5	0.0	0.0	0.0	5.2	0.0	0.0	0.0	0.0	0.0	0.0	772.4	459.8	946.0	721.5	724.5	1387165.0	1090455.0	260002.04431	256958.690892	516960.735202	198689.0	197783.0	396472.0	63463.0	694866.735202	1247415.0	950705.0	1457667.0	0.923612	0.970554	52.0	38.0	90.0	1501891.030372	0.0
sub-0015030	10970.2	418.6	15465.6	62798.7	7611.9	4170.5	6551.4	2023.9	767.5	2120.2	23686.5	4295.4	1869.5	274566.2	737.9	4248.5	0.0	0.0	14592.8	445.4	15006.5	63158.7	7464.3	4235.2	6458.5	1944.7	4104.5	1974.1	729.9	4613.4	0.0	0.0	0.0	10.8	0.0	0.0	0.0	0.0	0.0	0.0	1053.3	475.4	770.7	471.6	1032.6	1488800.0	1179397.0	283508.044666	284662.373476	568170.418142	206130.5	205593.5	411724.0	64925.0	761842.418142	1330648.0	1021245.0	1568232.0	0.91163	0.960268	8.0	12.0	20.0	1633118.268749	0.0
sub-0010126	6779.4	692.7	13162.4	53745.5	7823.1	5284.9	6160.5	2024.7	711.8	1510.5	18485.0	4783.8	2130.5	263665.9	730.7	3972.1	0.0	0.0	6937.5	812.2	13202.8	53923.4	7973.9	5145.1	6214.7	1900.9	4784.3	2176.2	804.9	3937.9	0.0	0.0	0.0	37.6	0.0	0.0	0.0	0.0	0.0	0.0	977.3	481.8	924.8	928.9	872.0	1575588.0	1290726.0	318509.068642	320528.435741	639037.504382	243367.5	243757.5	487125.0	67860.0	817671.504382	1439561.0	1154699.0	1618512.0	0.912781	0.937648	40.0	32.0	72.0	1726140.211001	0.0
sub-4221029	9144.1	669.9	14385.9	54123.5	8489.6	4148.0	7007.1	2006.6	1053.7	3316.1	20430.6	4298.4	1970.6	333748.4	667.5	4527.9	0.0	0.0	8142.7	478.8	14001.2	54517.6	8185.9	4582.1	6849.3	2141.2	4882.3	1998.0	647.7	4477.4	0.0	0.0	0.0	6.1	0.0	0.0	0.0	0.0	0.0	0.0	775.3	520.1	728.2	866.5	766.1	1622420.0	1257421.0	296870.181615	301058.163206	597928.344821	237130.0	241217.0	478347.0	68831.0	777489.344821	1483952.0	1118953.0	1752367.0	0.911519	0.984527	23.0	39.0	62.0	1779907.781906	0.0
sub-4079254	4919.5	473.9	13993.4	60411.3	7251.6	4234.0	6122.2	1708.9	675.4	2289.3	17539.1	3881.1	1444.2	250128.0	731.3	3617.3	0.0	0.0	5032.9	486.9	13394.6	59835.5	6892.7	4297.1	5788.3	1635.7	4204.5	1570.2	657.4	3645.8	0.0	0.0	0.0	6.4	0.0	0.0	0.0	0.0	0.0	0.0	793.3	503.6	680.9	829.9	821.6	1473091.0	1203121.0	289106.002568	288992.799893	578098.802461	222025.0	223298.0	445323.0	59665.0	761506.802461	1323005.0	1053035.0	1552381.0	0.917831	0.967234	63.0	56.0	119.0	1604969.52203	0.0
sub-0016086	6814.8	428.7	15165.1	59044.9	8301.9	4710.2	5741.3	1874.6	646.6	2262.2	23822.1	4517.2	1897.3	297636.7	812.0	4445.0	0.0	0.0	6718.6	472.4	15299.2	60609.4	7734.6	4720.4	5713.6	1890.9	4620.2	1910.1	800.9	4522.2	0.0	0.0	0.0	6.9	0.0	0.0	0.0	0.0	0.0	0.0	1092.7	627.5	591.6	581.6	1101.1	1600398.0	1276094.0	290707.529341	294308.504051	585016.033392	242317.0	244531.0	486848.0	66418.0	774643.033392	1447651.0	1123347.0	1652184.0	0.932373	0.962543	15.0	20.0	35.0	1716478.419675	0.0
sub-0023026	4406.5	439.1	11044.9	47486.0	6259.9	3692.9	5962.7	1778.8	595.7	1452.1	15752.0	3634.1	1468.0	236531.3	590.1	3065.6	0.0	0.0	5155.5	388.6	10473.4	44802.4	6128.3	3885.0	5773.0	1645.4	3790.6	1491.7	565.7	3259.6	0.0	0.0	0.0	5.2	0.0	0.0	0.0	0.0	0.0	0.0	809.1	438.7	474.6	440.4	901.1	1278913.0	1019020.0	273371.39337	267355.409821	540726.803191	163541.0	160923.0	324464.0	54758.0	690798.803191	1162801.0	902908.0	1346389.0	0.928296	0.977273	21.0	18.0	39.0	1377699.454814	0.0
sub-0010036	8754.4	370.1	12941.9	61067.4	7114.3	4190.7	7084.7	1862.4	681.5	2292.2	16927.3	4287.5	1703.8	231919.8	770.6	3515.3	0.0	0.0	7508.7	917.2	12426.3	59982.4	6753.1	4217.6	6864.1	1743.5	4328.3	1818.5	807.1	3734.3	0.0	0.0	0.0	4.3	0.0	0.0	0.0	0.0	0.0	0.0	876.7	516.6	750.0	684.8	836.5	1373105.0	1116463.0	272010.106004	270015.035573	542025.141577	201503.0	201032.0	402535.0	62694.0	728004.141577	1225096.0	968454.0	1495811.0	0.881183	0.959929	75.0	67.0	142.0	1558252.379391	0.0
sub-7504392	3470.4	783.6	12031.0	51642.6	6877.6	4025.6	5559.2	1588.1	604.4	2059.2	17621.3	4080.2	1589.9	261586.7	699.5	3581.1	0.0	0.0	3280.9	580.8	11766.4	52839.4	7067.1	4124.0	5639.5	1632.4	3957.4	1580.7	690.1	3640.9	0.0	0.0	0.0	4.7	0.0	0.0	0.0	0.0	0.0	0.0	476.7	510.5	439.1	446.7	658.7	1258978.0	983604.0	238377.502967	240003.698027	478381.200994	166964.0	167716.0	334680.0	57891.0	643785.200994	1128509.0	853135.0	1352639.0	0.928308	0.997369	4.0	11.0	15.0	1356207.161938	0.0
sub-9956994	4429.0	461.9	15099.0	59222.5	7949.7	3576.0	5096.1	1587.9	787.9	2202.0	22149.9	4174.8	1717.7	265696.6	668.4	4335.3	0.0	0.0	4206.0	334.2	14654.1	60646.6	7499.3	3834.5	4930.0	1605.0	4502.8	1725.6	673.9	4413.7	0.0	0.0	0.0	3.7	0.0	0.0	0.0	0.0	0.0	0.0	821.6	431.4	655.1	575.0	744.0	1416293.0	1133814.0	258555.986148	259804.852998	518360.839146	208803.0	210161.0	418964.0	60401.0	702259.839146	1264157.0	981678.0	1507191.0	0.925848	0.985269	11.0	12.0	23.0	1529725.850146	0.0
sub-0027011	10875.4	707.9	19526.6	64839.8	9840.8	6106.3	7011.9	2176.5	1575.1	2379.5	26705.6	5177.6	2178.6	405369.7	822.2	5676.0	0.0	0.0	9429.0	616.1	18863.9	64545.8	8719.1	6105.1	6841.8	2077.8	5318.1	2367.0	855.2	5401.3	0.0	0.0	0.0	104.2	0.0	0.0	0.0	0.0	0.0	0.0	947.4	573.5	582.7	586.4	1254.2	1858539.0	1427532.0	299488.573158	301319.440293	600808.013451	298436.0	302536.0	600972.0	78758.0	812693.013451	1688240.0	1257233.0	1919569.0	0.915079	0.945128	10.0	5.0	15.0	2031015.44529	0.0
sub-0010038	7227.5	763.8	13686.2	51800.9	6844.0	3850.2	6510.7	1794.2	693.5	1771.0	17101.4	4087.5	1388.8	262012.7	717.2	3315.5	0.0	0.0	7951.1	663.4	13597.6	50718.1	6687.1	4039.9	6193.9	1639.1	4492.2	1529.1	666.5	3276.3	0.0	0.0	0.0	182.1	0.0	0.0	0.0	0.0	0.0	0.0	745.8	433.7	734.1	367.2	830.4	1419060.0	1133112.0	273124.87745	276300.179723	549425.057173	210383.0	214882.0	425265.0	58783.0	714158.057173	1286775.0	1000827.0	1461178.0	0.92977	0.957366	56.0	26.0	82.0	1526248.004289	0.0
sub-0027018	9849.3	731.0	16544.7	62043.5	7710.9	4188.2	6635.2	1856.3	1272.5	2997.0	24892.7	4665.0	2007.3	413231.6	606.2	4869.7	0.0	0.0	8990.8	752.6	16465.5	61576.2	7710.5	4339.0	6269.2	1761.5	4644.6	2183.8	577.7	4813.8	0.0	0.0	0.0	203.5	0.0	0.0	0.0	0.0	0.0	0.0	1032.1	590.7	863.1	561.6	1428.7	1700666.0	1261975.0	269248.4499	270064.286304	539312.736204	254636.0	256011.0	510647.0	67182.0	733882.736204	1541522.0	1102831.0	1715081.0	0.963202	0.971366	6.0	10.0	16.0	1765637.401198	0.0
sub-0010007	4779.6	678.2	13158.1	60204.2	6761.1	3978.3	5763.4	1626.8	722.3	1452.9	15670.9	3920.4	1706.6	247090.7	625.5	3469.8	0.0	0.0	4124.8	546.2	13795.4	60808.4	6730.9	4133.1	5756.0	1508.5	4043.7	1684.4	622.1	3507.3	0.0	0.0	0.0	6.2	0.0	0.0	0.0	0.0	0.0	0.0	785.6	443.8	542.4	622.0	661.5	1390557.0	1125175.0	278095.97235	278572.2723	556668.244651	193920.5	196195.5	390116.0	58086.0	739003.244651	1240072.0	974690.0	1447282.0	0.928431	0.966304	32.0	51.0	83.0	1497749.427796	0.0
sub-4919979	6781.4	750.3	14044.1	63397.8	7815.3	3889.2	6030.0	1841.1	1216.0	2220.9	19317.0	4546.0	1934.4	317713.1	767.4	4017.6	0.0	0.0	8603.8	798.1	14745.8	62277.1	7538.6	4145.5	5896.5	1774.8	5166.9	2078.8	726.5	4088.3	0.0	0.0	0.0	2.0	0.0	0.0	0.0	0.0	0.0	0.0	924.4	470.9	793.4	664.7	746.4	1683860.0	1342600.0	323455.026714	327035.907269	650490.933982	250208.5	253405.5	503614.0	64508.0	842955.933982	1527846.0	1186586.0	1835420.0	0.903731	0.985074	24.0	27.0	51.0	1863231.176475	0.0
sub-0027020	7750.0	538.5	11102.6	49997.1	7245.2	3498.6	5403.3	1812.0	741.2	1984.4	18640.4	3796.8	1511.1	272172.8	623.7	3818.3	0.0	0.0	8697.5	486.3	11066.9	50815.8	6718.6	3637.4	5153.4	1660.0	3804.9	1615.8	633.0	4093.1	0.0	0.0	0.0	1.0	0.0	0.0	0.0	0.0	0.0	0.0	846.4	467.8	451.3	440.8	795.9	1324602.0	1024536.0	224334.660016	228452.912656	452787.572672	201412.0	203934.0	405346.0	56864.0	613281.572672	1199417.0	899351.0	1395563.0	0.916469	0.965566	8.0	5.0	13.0	1445331.857195	0.0
sub-0010054	5074.3	447.9	11856.8	49959.1	6541.0	3867.3	5614.4	1677.2	749.2	1833.4	16746.8	3870.0	1399.1	306946.2	751.2	3526.7	0.0	0.0	5121.2	510.5	12178.7	51252.8	6297.6	3902.5	5663.9	1570.5	3874.9	1486.6	749.6	3316.3	0.0	0.0	0.0	6.5	0.0	0.0	0.0	0.0	0.0	0.0	836.9	575.0	574.7	462.2	752.3	1346618.0	1023434.0	242767.634292	241383.646261	484151.280554	189340.0	187308.0	376648.0	56191.0	645085.280554	1218976.0	895792.0	1381932.0	0.969722	0.995152	21.0	13.0	34.0	1388663.615455	0.0
sub-4529116	6496.6	472.8	10454.0	58869.1	7045.5	4292.3	5743.8	1721.4	771.3	1863.3	15484.6	3580.5	1509.8	270052.8	711.1	3321.7	0.0	0.0	9130.1	493.3	10261.8	57324.0	6714.5	4327.1	5607.1	1605.5	3078.8	1616.1	635.3	3207.5	0.0	0.0	0.0	2.8	0.0	0.0	0.0	0.0	0.0	0.0	857.8	437.7	518.4	455.3	877.1	1403445.0	1102594.0	279159.163916	281960.717981	561119.881897	181026.0	181926.0	362952.0	56697.0	736748.881897	1264476.0	963625.0	1466702.0	0.951051	0.993918	16.0	18.0	34.0	1475677.76461	0.0
sub-0010091	9032.1	462.6	14401.0	54091.1	7287.4	3815.3	5676.3	1768.6	826.3	2482.1	18908.4	3711.1	1476.0	285547.6	715.2	3738.4	0.0	0.0	5599.0	539.0	14379.4	53410.5	7208.4	4032.2	5528.4	1676.0	4012.2	1595.0	640.1	3653.7	0.0	0.0	0.0	8.3	0.0	0.0	0.0	0.0	0.0	0.0	748.3	447.2	800.6	626.5	778.9	1453015.0	1144122.0	280360.896929	282099.142279	562460.039208	207236.5	206465.5	413702.0	58469.0	731304.039208	1314877.0	1005984.0	1573168.0	0.90709	0.982099	59.0	54.0	113.0	1601842.314137	0.0
sub-0010096	6611.5	534.9	16213.6	57566.4	7878.6	4365.2	6277.7	2077.0	688.0	2056.4	17892.9	4169.8	1552.3	279546.9	750.7	4390.2	0.0	0.0	5962.9	410.2	17092.1	66075.9	8289.8	4414.5	6080.1	1927.6	4101.1	1691.2	741.8	3993.0	0.0	0.0	0.0	40.2	0.0	0.0	0.0	0.0	0.0	0.0	1235.2	765.0	769.5	822.8	951.1	1592088.0	1292306.0	298930.029048	304181.241377	603111.270426	246604.5	250453.5	497058.0	65546.0	794810.270426	1433743.0	1133961.0	1678034.0	0.905596	0.954482	57.0	32.0	89.0	1758056.436789	0.0
sub-0010062	5852.3	663.3	19846.8	65733.1	9516.1	5000.9	6827.0	2237.7	833.8	1495.2	23590.3	4887.8	2000.1	299362.4	746.4	4834.6	0.0	0.0	4598.1	659.5	19119.1	65423.1	9415.2	4970.7	6555.8	1885.6	5085.4	2102.7	773.7	4485.7	0.0	0.0	0.0	21.9	0.0	0.0	0.0	0.0	0.0	0.0	1010.3	670.2	913.1	668.8	1299.5	1645779.0	1328274.0	272816.940021	267183.89095	540000.830971	287807.0	282985.0	570792.0	73502.0	749183.830971	1472814.0	1155309.0	1732397.0	0.906976	0.954711	57.0	33.0	90.0	1814577.647404	0.0
sub-3993793	4232.9	538.4	10542.4	51949.7	7464.9	4329.1	6358.2	1740.7	686.0	1532.6	16926.1	4011.9	1740.5	256563.6	613.1	3514.6	0.0	0.0	3929.4	509.9	10501.7	49818.1	7093.2	4385.4	6226.8	1706.6	4351.8	2000.7	555.6	3697.7	0.0	0.0	0.0	169.5	0.0	0.0	0.0	0.0	0.0	0.0	927.7	462.2	586.4	571.1	839.6	1552042.0	1273226.0	311665.21704	311721.504774	623386.721814	242138.5	240539.5	482678.0	61395.0	789283.721814	1427103.0	1148287.0	1666010.0	0.908322	0.975021	20.0	11.0	31.0	1708691.2596	0.0
sub-0010039	3788.8	608.4	14945.3	57459.8	6921.0	3779.0	5825.4	1660.8	634.0	1365.9	20668.0	3582.8	1798.4	240298.0	625.4	3756.1	0.0	0.0	3847.2	878.0	13996.3	56125.1	7151.6	3952.7	5783.9	1643.4	3647.5	1673.3	614.0	3651.5	0.0	0.0	0.0	9.4	0.0	0.0	0.0	0.0	0.0	0.0	740.8	519.8	580.0	396.5	799.5	1397494.0	1140274.0	268776.932812	270337.979494	539114.912306	209833.5	213679.5	423513.0	57582.0	713692.912306	1252775.0	995555.0	1478877.0	0.906868	0.959679	50.0	54.0	104.0	1541011.568546	0.0
sub-5669389	4968.2	384.9	17954.1	66998.8	8438.0	4289.9	7208.7	1825.5	1134.8	3227.1	24186.8	4340.3	2025.0	306218.8	682.2	4606.0	0.0	0.0	5117.0	495.8	17274.0	66270.1	7652.7	4427.1	6917.7	1766.1	4527.4	2291.2	679.7	4870.8	0.0	0.0	0.0	62.1	0.0	0.0	0.0	0.0	0.0	0.0	827.5	336.4	756.3	772.3	767.7	1632945.0	1304314.0	285776.051879	292908.090254	578684.142133	250489.5	256092.5	506582.0	68848.0	784141.142133	1462252.0	1133621.0	1708037.0	0.935634	0.97866	31.0	35.0	66.0	1745281.460326	0.0
sub-8697774	2862.0	738.3	13889.6	61003.0	7124.3	4002.3	6155.3	1720.2	622.7	1494.1	17389.0	3898.7	1669.7	234853.5	632.1	3381.9	0.0	0.0	3358.5	563.9	13492.7	56838.9	6912.7	4193.4	6157.9	1614.3	4102.4	1658.4	595.3	3387.1	0.0	0.0	0.0	22.5	0.0	0.0	0.0	0.0	0.0	0.0	654.2	475.0	720.1	636.0	660.1	1357109.0	1103849.0	253526.42872	253915.877118	507442.305837	207764.5	210487.5	418252.0	58626.0	686639.305837	1210302.0	957042.0	1465459.0	0.875615	0.945523	91.0	62.0	153.0	1549892.940483	0.0
sub-0010030	6064.3	626.3	16323.8	71188.5	7547.8	4249.4	7170.8	1836.0	1541.5	2599.9	20882.3	4652.5	1702.6	327763.3	805.0	4096.5	0.0	0.0	4977.9	862.6	16660.8	68864.1	7523.5	4421.0	6865.7	1717.1	4899.3	1912.2	769.3	4109.1	0.0	0.0	0.0	9.8	0.0	0.0	0.0	0.0	0.0	0.0	889.9	492.4	784.9	746.4	719.5	1658005.0	1309756.0	300719.228758	304715.380282	605434.60904	246555.5	243145.5	489701.0	66008.0	815480.60904	1482121.0	1133872.0	1717088.0	0.922516	0.95539	53.0	39.0	92.0	1797263.568941	0.0
sub-9578631	9345.2	724.5	13024.6	66205.9	8533.0	4698.5	6789.3	2052.8	990.1	2494.6	19307.5	4567.3	2019.7	309536.1	670.0	4270.7	0.0	0.0	5999.9	553.7	12658.7	62181.9	8279.6	4987.7	6392.7	1890.6	4995.2	2059.0	656.2	4268.0	0.0	0.0	0.0	9.5	0.0	0.0	0.0	0.0	0.0	0.0	783.0	521.3	796.3	808.6	796.8	1615348.0	1276557.0	309133.957269	309158.801182	618292.758452	229146.5	227853.5	457000.0	69203.0	818114.758452	1459860.0	1121069.0	1721684.0	0.91013	0.970043	23.0	17.0	40.0	1774853.654183	0.0
sub-0010008	13149.1	575.5	13142.1	55636.1	7185.4	3867.1	6390.4	2022.5	700.6	1324.4	19324.7	4392.0	1823.5	232552.3	680.1	3961.5	0.0	0.0	10137.9	513.4	12989.4	51841.5	7025.6	3976.1	6278.7	1837.3	4261.4	1843.2	733.6	4141.0	0.0	0.0	0.0	6.8	0.0	0.0	0.0	0.0	0.0	0.0	884.5	415.2	390.9	397.7	774.8	1348875.0	1083838.0	256227.644383	254990.710925	511218.355308	199856.5	199622.5	399479.0	62598.0	683825.355308	1213329.0	948292.0	1422659.0	0.912166	0.962062	26.0	21.0	47.0	1478760.093827	0.0
sub-7011503	3522.9	440.9	16731.8	71627.7	9117.4	4674.7	6243.4	1979.2	613.3	2285.9	23503.3	5015.4	2057.8	271855.4	662.6	4898.6	0.0	0.0	3116.1	632.7	16662.4	68665.8	8493.8	4965.6	6134.5	1943.3	5038.4	2132.7	683.0	5045.7	0.0	0.0	0.0	12.7	0.0	0.0	0.0	0.0	0.0	0.0	920.8	547.6	719.2	793.6	771.4	1588721.0	1296215.0	301133.775011	299114.201267	600247.976278	238927.5	236190.5	475118.0	70896.0	814191.976278	1413297.0	1120791.0	1698129.0	0.932611	0.996835	15.0	7.0	22.0	1703519.953413	0.0
sub-0010037	7542.9	605.1	17042.1	70564.2	7411.0	4072.3	6661.6	2219.6	1044.5	2192.9	23332.4	4143.3	1700.5	254075.9	748.6	4355.0	0.0	0.0	6412.4	593.6	17102.1	69561.6	7207.4	4256.5	6441.5	2096.4	4167.4	1873.7	712.0	4492.5	0.0	0.0	0.0	7.1	0.0	0.0	0.0	0.0	0.0	0.0	707.6	455.4	598.6	414.2	876.6	1549643.0	1271891.0	292855.987046	291199.190293	584055.177339	236772.5	237388.5	474161.0	65041.0	792649.177339	1372662.0	1094910.0	1634263.0	0.903413	0.952745	32.0	29.0	61.0	1715321.010814	0.0
sub-0010063	7803.3	913.5	16156.1	59987.7	5951.0	4121.0	5691.7	1873.0	1012.5	2644.0	18603.3	4249.0	1702.4	275251.8	642.9	3411.1	0.0	0.0	8355.6	796.0	16081.9	60217.0	6050.8	4287.3	5743.8	1810.9	4463.7	1753.9	595.4	3559.5	0.0	0.0	0.0	26.5	0.0	0.0	0.0	0.0	0.0	0.0	874.3	438.4	432.3	396.9	923.6	1350231.0	1049917.0	245429.039934	246499.202068	491928.242002	180816.5	183564.5	364381.0	58201.0	674388.242002	1194859.0	894545.0	1424854.0	0.95233	1.004962	38.0	34.0	72.0	1417818.712448	0.0
sub-0010090	6466.6	590.9	15978.4	59816.2	7686.9	4252.0	5832.2	1995.6	742.6	1850.1	21153.0	4274.8	1552.1	262335.3	719.6	4086.3	0.0	0.0	7045.2	508.6	15798.2	60178.9	7452.2	4296.0	5695.2	1929.5	4351.4	1809.9	675.1	4247.1	0.0	0.0	0.0	194.3	0.0	0.0	0.0	0.0	0.0	0.0	961.2	573.8	899.7	507.1	1090.8	1508614.0	1225411.0	273500.273478	273616.939423	547117.212901	240137.5	242498.5	482636.0	63147.0	733319.212901	1354601.0	1071398.0	1572481.0	0.922973	0.962047	40.0	34.0	74.0	1634515.516587	0.0
sub-4072305	2561.5	488.1	9972.1	55021.2	6608.2	4344.1	5958.8	1562.8	563.4	1463.0	14559.5	4265.2	1635.6	204528.4	637.2	3260.1	0.0	0.0	2809.2	387.6	9964.7	56261.0	6586.9	4334.8	6014.8	1479.2	4226.8	1735.0	631.3	3612.7	0.0	0.0	0.0	25.0	0.0	0.0	0.0	0.0	0.0	0.0	718.8	398.8	533.9	352.3	693.7	1278908.0	1053586.0	266168.396918	271171.894475	537340.291393	172757.5	176035.5	348793.0	58168.0	709194.291393	1145880.0	920558.0	1316407.0	0.927235	0.954422	8.0	10.0	18.0	1379271.315851	0.0
sub-0010064	8082.4	617.0	17893.6	68293.9	8305.5	5153.5	6587.1	2166.7	1117.4	2761.8	22875.1	4489.6	1876.8	342631.1	808.6	4571.1	0.0	0.0	5773.4	777.3	17447.5	66826.1	8136.0	5259.3	6496.1	2014.6	4418.1	1953.6	756.4	4469.2	0.0	0.0	0.0	10.9	0.0	0.0	0.0	0.0	0.0	0.0	1063.8	532.7	696.7	608.8	1020.0	1669499.0	1306740.0	293918.548974	298735.166642	592653.715616	246015.0	249936.0	495951.0	70099.0	801532.715616	1496435.0	1133676.0	1744785.0	0.917354	0.958722	32.0	34.0	66.0	1819906.279746	0.0
sub-1418396	3446.3	568.2	14854.7	72096.8	8417.4	5126.5	6297.0	2115.8	742.0	1901.8	22346.0	5624.2	2023.0	280406.0	737.3	4726.7	0.0	0.0	3769.2	537.9	14484.4	71841.8	8610.7	5259.5	6113.8	1936.2	5479.2	2029.3	729.7	4620.1	0.0	0.0	0.0	284.7	0.0	0.0	0.0	0.0	0.0	0.0	850.7	447.7	872.4	992.1	969.5	1720541.0	1416177.0	342687.533914	342545.66501	685233.198924	260557.0	259832.0	520389.0	71376.0	903809.198924	1544709.0	1240345.0	1752960.0	0.93261	0.950182	20.0	13.0	33.0	1844866.70991	0.0
sub-0010052	4213.5	501.7	13019.0	51991.5	7021.0	3433.5	5510.7	1679.6	814.1	1822.2	17096.3	4238.8	1590.7	260797.9	741.5	3604.4	0.0	0.0	3567.9	549.3	12962.9	48914.9	6867.0	3511.9	5524.3	1636.1	4298.3	1837.8	725.6	3657.6	0.0	0.0	0.0	104.0	0.0	0.0	0.0	0.0	0.0	0.0	691.5	417.8	535.3	494.4	619.7	1381196.0	1104744.0	252619.64747	256917.41842	509537.065891	215170.0	216801.0	431971.0	57977.0	671861.065891	1251615.0	975163.0	1444525.0	0.916742	0.958775	25.0	36.0	61.0	1506635.301109	0.0
sub-0010099	3890.6	522.1	13205.9	56001.2	7095.7	3830.9	5782.1	1608.1	926.9	1631.9	17758.8	4192.2	1502.8	263545.4	742.9	3555.1	0.0	0.0	5735.8	413.8	13642.9	53897.2	7101.3	3920.4	5931.8	1452.7	4518.6	1614.9	637.9	3623.8	0.0	0.0	0.0	152.3	0.0	0.0	0.0	0.0	0.0	0.0	735.5	389.1	697.9	669.6	650.4	1472107.0	1188422.0	292674.552151	287313.307969	579987.86012	220189.0	222520.0	442709.0	58882.0	752401.86012	1332702.0	1049017.0	1538177.0	0.92377	0.96523	39.0	52.0	91.0	1593585.983576	0.0
sub-3302025	5667.4	380.5	10682.2	56337.5	6908.3	3446.9	5329.5	1604.6	663.2	1924.7	17201.0	3485.4	1416.4	247292.1	622.2	3454.9	0.0	0.0	3669.0	327.4	10511.6	54141.0	6729.2	3286.7	5097.9	1457.6	3482.2	1637.9	681.0	3521.2	0.0	0.0	0.0	6.0	0.0	0.0	0.0	0.0	0.0	0.0	918.8	331.1	539.5	1041.1	813.1	1375792.0	1102620.0	280836.936269	276635.331633	557472.267903	190275.5	186831.5	377107.0	54221.0	724304.267903	1242517.0	969345.0	1471065.0	0.923769	0.98774	30.0	31.0	61.0	1489323.960654	0.0
