subject_id	lh.aparc.area	lh_bankssts_area	lh_caudalanteriorcingulate_area	lh_caudalmiddlefrontal_area	lh_cuneus_area	lh_entorhinal_area	lh_fusiform_area	lh_inferiorparietal_area	lh_inferiortemporal_area	lh_isthmuscingulate_area	lh_lateraloccipital_area	lh_lateralorbitofrontal_area	lh_lingual_area	lh_medialorbitofrontal_area	lh_middletemporal_area	lh_parahippocampal_area	lh_paracentral_area	lh_parsopercularis_area	lh_parsorbitalis_area	lh_parstriangularis_area	lh_pericalcarine_area	lh_postcentral_area	lh_posteriorcingulate_area	lh_precentral_area	lh_precuneus_area	lh_rostralanteriorcingulate_area	lh_rostralmiddlefrontal_area	lh_superiorfrontal_area	lh_superiorparietal_area	lh_superiortemporal_area	lh_supramarginal_area	lh_frontalpole_area	lh_temporalpole_area	lh_transversetemporal_area	lh_insula_area	lh_WhiteSurfArea_area	BrainSegVolNotVent	eTIV
sub-0010011	994.0	903.0	2390.0	1346.0	465.0	2399.0	4837.0	2534.0	934.0	3524.0	2303.0	2027.0	1922.0	2562.0	636.0	1326.0	1518.0	574.0	1279.0	1006.0	4282.0	1228.0	4577.0	3616.0	768.0	5363.0	6537.0	5277.0	3874.0	4625.0	275.0	411.0	478.0	2165.0	78956.0	992979.0	1368395.949419
sub-6568351	887.0	420.0	1936.0	1073.0	348.0	3050.0	4564.0	2596.0	969.0	5580.0	2401.0	2761.0	1733.0	2676.0	784.0	1257.0	1581.0	721.0	1694.0	1212.0	4165.0	1051.0	4261.0	3209.0	653.0	6636.0	8335.0	4250.0	4352.0	3797.0	308.0	419.0	529.0	2112.0	82323.2	1062350.0	1411036.945659
sub-0010029	1028.0	546.0	1950.0	1484.0	420.0	3138.0	3969.0	3567.0	1257.0	5615.0	2807.0	3031.0	1775.0	3110.0	744.0	1469.0	1899.0	803.0	1472.0	1269.0	4214.0	1260.0	4933.0	4154.0	599.0	6618.0	6837.0	5107.0	4058.0	4764.0	291.0	507.0	520.0	2394.0	87612.0	1126028.0	1517081.108782
sub-0010027	1074.0	651.0	2448.0	1193.0	358.0	2537.0	4395.0	2903.0	1180.0	3935.0	2502.0	2356.0	1945.0	2998.0	795.0	1278.0	1579.0	671.0	1271.0	903.0	4919.0	1241.0	5367.0	3396.0	585.0	5627.0	7856.0	4925.0	4534.0	4849.0	314.0	612.0	591.0	2875.0	84664.4	1061340.0	1499172.6222
sub-7333005	1317.0	742.0	2360.0	1562.0	622.0	3650.0	5296.0	3812.0	978.0	4835.0	3005.0	3636.0	1928.0	3751.0	670.0	1469.0	1561.0	748.0	1260.0	1643.0	4776.0	1308.0	5287.0	5010.0	934.0	5129.0	7494.0	5742.0	4483.0	4415.0	274.0	540.0	534.0	2896.0	93667.9	1221867.0	1664237.227948
sub-0010073	1419.0	910.0	3228.0	1660.0	550.0	3031.0	5302.0	4086.0	1151.0	6321.0	3120.0	3330.0	2112.0	4656.0	862.0	1784.0	2297.0	878.0	2006.0	1424.0	4225.0	1777.0	5294.0	4604.0	1046.0	7769.0	9819.0	6541.0	5195.0	4703.0	341.0	523.0	608.0	2761.0	105331.0	1285196.0	1714915.098625
sub-0010080	1302.0	787.0	2599.0	1392.0	524.0	2878.0	4379.0	3250.0	1085.0	4643.0	2698.0	2867.0	1886.0	3140.0	626.0	1408.0	1504.0	695.0	1235.0	1430.0	4292.0	1197.0	5018.0	3882.0	910.0	5882.0	6999.0	6506.0	4111.0	3772.0	257.0	522.0	476.0	2546.0	86699.0	1116192.0	1547601.309612
sub-0010042	1601.0	600.0	2521.0	1775.0	548.0	3553.0	6205.0	3933.0	1536.0	5873.0	2855.0	3571.0	2094.0	4065.0	741.0	1528.0	2287.0	869.0	1587.0	1633.0	5476.0	1611.0	5860.0	4596.0	1012.0	7028.0	8477.0	7114.0	4638.0	6887.0	343.0	499.0	479.0	2697.0	106091.0	1304192.0	1693464.574011
sub-1177160	939.0	492.0	2834.0	1743.0	422.0	2687.0	5189.0	3069.0	901.0	5828.0	2673.0	3131.0	1755.0	3194.0	779.0	1498.0	1437.0	778.0	1264.0	1396.0	4296.0	1047.0	4753.0	4087.0	705.0	6512.0	6546.0	6611.0	4302.0	3662.0	290.0	531.0	556.0	2236.0	88139.4	1135375.0	1530173.748793
sub-4060823	973.0	859.0	2583.0	1446.0	415.0	3195.0	4158.0	3055.0	1037.0	4878.0	2910.0	2987.0	1912.0	3112.0	822.0	1284.0	1540.0	779.0	1624.0	1495.0	4678.0	1226.0	5297.0	3919.0	733.0	6233.0	6876.0	5473.0	4217.0	4971.0	275.0	449.0	587.0	2386.0	88381.5	1155264.0	1541521.791743
sub-1023964	1121.0	585.0	2302.0	1320.0	554.0	3581.0	4663.0	3440.0	1055.0	5234.0	2501.0	3074.0	1646.0	3157.0	602.0	1247.0	1720.0	651.0	1489.0	1190.0	4203.0	1097.0	4635.0	4306.0	819.0	6218.0	8126.0	5832.0	4571.0	4468.0	296.0	512.0	521.0	2653.0	89388.4	1150402.0	1524869.286237
sub-2741068	1020.0	510.0	2402.0	1948.0	393.0	4064.0	4834.0	4422.0	1014.0	6239.0	2806.0	4077.0	2142.0	3935.0	613.0	1289.0	1713.0	757.0	1498.0	2058.0	4351.0	1290.0	4701.0	4963.0	674.0	6021.0	8730.0	6425.0	4572.0	5583.0	319.0	473.0	501.0	2332.0	98670.6	1232242.0	1658155.072914
sub-0010010	1224.0	844.0	2649.0	1610.0	576.0	3670.0	5167.0	4137.0	1234.0	5729.0	3212.0	3314.0	2245.0	3421.0	695.0	1737.0	2502.0	845.0	1771.0	1593.0	5008.0	1600.0	6056.0	5171.0	1247.0	7196.0	8733.0	8035.0	4555.0	5416.0	355.0	491.0	474.0	2520.0	105028.0	1340866.0	1824002.376112
sub-2983819	939.0	582.0	2071.0	1466.0	436.0	2831.0	4821.0	3680.0	1002.0	6197.0	2513.0	3000.0	1684.0	3587.0	700.0	1152.0	1778.0	665.0	1572.0	1181.0	3899.0	1062.0	4471.0	3201.0	534.0	5864.0	6519.0	5069.0	4440.0	3786.0	384.0	488.0	480.0	2322.0	84379.4	1125460.0	1520578.234291
sub-0010043	827.0	485.0	1884.0	1501.0	378.0	2860.0	3245.0	2342.0	901.0	4818.0	2024.0	2725.0	1524.0	2216.0	516.0	1133.0	1161.0	573.0	1030.0	1082.0	3274.0	833.0	3868.0	2989.0	382.0	4299.0	5272.0	4236.0	3492.0	2636.0	279.0	362.0	476.0	1946.0	67566.7	923022.0	1299468.812469
sub-0010081	1112.0	702.0	2281.0	1326.0	536.0	2906.0	4524.0	3492.0	927.0	4434.0	2240.0	3061.0	1693.0	3243.0	639.0	1351.0	1299.0	470.0	1079.0	1288.0	3771.0	1372.0	4592.0	3365.0	687.0	4879.0	6581.0	5361.0	3823.0	3551.0	303.0	541.0	417.0	2412.0	80256.6	1084831.0	1482693.87954
sub-0010075	956.0	969.0	1938.0	1661.0	484.0	3387.0	4436.0	3633.0	1244.0	6789.0	2873.0	3521.0	1955.0	3382.0	808.0	1679.0	2127.0	779.0	1562.0	1821.0	4857.0	1673.0	5698.0	4499.0	995.0	6925.0	8557.0	5525.0	4903.0	4197.0	341.0	467.0	682.0	2315.0	97638.1	1204306.0	1595521.029088
sub-0010072	936.0	594.0	1804.0	1796.0	481.0	3154.0	4586.0	3324.0	911.0	4731.0	2379.0	3006.0	1936.0	3044.0	544.0	1401.0	1679.0	773.0	1343.0	1551.0	4663.0	1122.0	5088.0	3672.0	881.0	5326.0	7090.0	5236.0	4025.0	4911.0	332.0	392.0	419.0	2495.0	85621.7	1060495.0	1437928.227948
sub-6953386	1283.0	1120.0	2593.0	1384.0	503.0	4066.0	6217.0	4054.0	1347.0	5315.0	3537.0	3188.0	2522.0	4104.0	803.0	1504.0	2134.0	895.0	1807.0	1217.0	5396.0	1562.0	6118.0	5146.0	1329.0	6368.0	7595.0	6644.0	4636.0	6462.0	356.0	563.0	610.0	3015.0	105394.0	1306108.0	1745027.071629
sub-0010086	1325.0	851.0	2671.0	1554.0	574.0	3744.0	6157.0	4037.0	1031.0	5428.0	2968.0	3228.0	1943.0	4055.0	703.0	1629.0	1938.0	748.0	1467.0	1527.0	4917.0	1175.0	6115.0	3865.0	900.0	6242.0	9349.0	5893.0	4588.0	4517.0	329.0	518.0	554.0	2504.0	99043.4	1216064.0	1618445.038774
sub-0021029	904.0	622.0	2368.0	2193.0	481.0	3675.0	4662.0	3334.0	1565.0	7096.0	2778.0	3856.0	2046.0	3233.0	671.0	1256.0	2100.0	896.0	1569.0	2159.0	5031.0	1269.0	4938.0	4986.0	857.0	6767.0	8796.0	6232.0	4846.0	4572.0	354.0	459.0	656.0	2736.0	99965.2	1205309.0	1610385.680667
sub-0015027	1128.0	445.0	2201.0	1465.0	371.0	3362.0	4493.0	3507.0	953.0	4535.0	2600.0	2913.0	1809.0	3492.0	701.0	1199.0	1883.0	630.0	1161.0	1394.0	3756.0	1069.0	4929.0	4129.0	807.0	4752.0	6857.0	6109.0	3966.0	4130.0	320.0	491.0	452.0	2401.0	84413.2	1093027.0	1453695.183993
sub-8278680	1563.0	1001.0	2124.0	1623.0	540.0	3497.0	5654.0	3937.0	1176.0	5157.0	3438.0	2702.0	2132.0	4400.0	763.0	1411.0	1863.0	916.0	1727.0	1666.0	5125.0	1624.0	5465.0	4479.0	1292.0	6603.0	8394.0	6628.0	4737.0	5146.0	326.0	521.0	532.0	3259.0	101423.0	1251499.0	1701375.546748
sub-1771270	928.0	656.0	1630.0	1729.0	559.0	3161.0	3902.0	3471.0	982.0	5971.0	2610.0	3241.0	1781.0	3407.0	665.0	1197.0	1337.0	875.0	1228.0	1565.0	4301.0	1217.0	4571.0	3485.0	878.0	6480.0	6893.0	4823.0	4349.0	3554.0	289.0	495.0	620.0	2571.0	85419.4	1076727.0	1415689.788946
sub-0021027	730.0	566.0	1693.0	1445.0	351.0	3108.0	4052.0	3024.0	1181.0	5292.0	2632.0	3038.0	2118.0	3095.0	799.0	1450.0	1710.0	858.0	1975.0	1366.0	4278.0	1076.0	4166.0	4171.0	698.0	7040.0	7202.0	5755.0	4335.0	4615.0	270.0	401.0	611.0	2464.0	87564.1	1102722.0	1511795.546128
sub-0010109	850.0	748.0	2687.0	1694.0	413.0	3001.0	3224.0	2622.0	973.0	4213.0	2514.0	2979.0	2004.0	2826.0	665.0	1410.0	1513.0	641.0	1355.0	1672.0	4015.0	1150.0	5005.0	3569.0	792.0	5072.0	7652.0	5058.0	3825.0	4094.0	329.0	424.0	449.0	2512.0	81949.4	1089593.0	1484032.661677
sub-5302451	1375.0	743.0	2968.0	1671.0	420.0	3159.0	5262.0	4047.0	1203.0	5770.0	3310.0	3346.0	1889.0	4025.0	662.0	1578.0	1721.0	829.0	1700.0	1451.0	4645.0	1318.0	5771.0	3933.0	873.0	7504.0	9678.0	6474.0	4422.0	4155.0	360.0	549.0	497.0	3015.0	100320.0	1277949.0	1699729.632546
sub-3624598	1021.0	609.0	2016.0	1639.0	573.0	3377.0	5295.0	4219.0	1000.0	5057.0	2846.0	2790.0	2093.0	3686.0	658.0	1336.0	1596.0	750.0	1318.0	1515.0	4326.0	1295.0	4521.0	3332.0	826.0	6502.0	7242.0	5599.0	4586.0	3674.0	225.0	510.0	508.0	2535.0	89074.7	1195024.0	1575472.222988
sub-0016053	1159.0	1005.0	2739.0	1548.0	575.0	3669.0	4491.0	3861.0	1235.0	4775.0	2828.0	3199.0	2120.0	3640.0	814.0	1381.0	1832.0	902.0	1712.0	1470.0	4296.0	1458.0	5383.0	4615.0	960.0	6539.0	8556.0	6099.0	5125.0	6452.0	364.0	622.0	530.0	3263.0	99217.8	1275969.0	1704708.253496
sub-0021042	902.0	662.0	1681.0	1446.0	382.0	2546.0	3722.0	2705.0	1087.0	5339.0	2502.0	3032.0	1825.0	3058.0	618.0	1276.0	1555.0	787.0	1273.0	1210.0	3448.0	1088.0	3987.0	3896.0	595.0	6264.0	7439.0	5226.0	3833.0	4638.0	295.0	415.0	498.0	2107.0	81338.6	1020767.0	1388498.549421
sub-2950754	1155.0	675.0	3110.0	2004.0	647.0	4106.0	5954.0	4736.0	1230.0	6510.0	3501.0	3865.0	2227.0	3979.0	794.0	1633.0	1928.0	910.0	1855.0	2047.0	5716.0	1553.0	6264.0	5786.0	969.0	7727.0	9551.0	6746.0	5668.0	6501.0	329.0	722.0	802.0	3046.0	114253.0	1412537.0	1902704.11979
sub-1050345	966.0	774.0	2181.0	1686.0	569.0	3791.0	4707.0	4734.0	955.0	5994.0	2984.0	3240.0	1979.0	3514.0	811.0	1543.0	2046.0	841.0	1935.0	1425.0	4828.0	1201.0	5573.0	3784.0	1244.0	6619.0	9142.0	5839.0	4937.0	5057.0	323.0	522.0	641.0	2857.0	99239.4	1277708.0	1709217.929732
sub-3048588	898.0	529.0	2678.0	1705.0	544.0	3200.0	4557.0	3997.0	1203.0	5248.0	2744.0	3638.0	1955.0	3820.0	605.0	1521.0	1687.0	738.0	1280.0	1762.0	5148.0	1052.0	5386.0	4709.0	943.0	6540.0	9744.0	5974.0	4901.0	3670.0	346.0	481.0	519.0	2780.0	96503.9	1184958.0	1656531.564508
sub-0015042	1072.0	636.0	2021.0	1508.0	451.0	2684.0	4046.0	3127.0	1045.0	4873.0	2685.0	2977.0	1841.0	3451.0	567.0	1217.0	2085.0	770.0	1362.0	1486.0	3945.0	1244.0	4483.0	3887.0	700.0	5914.0	7246.0	4875.0	4158.0	4344.0	287.0	416.0	421.0	2118.0	83940.9	1086637.0	1442467.506671
sub-0015021	1083.0	556.0	2549.0	1607.0	564.0	3638.0	5062.0	3402.0	965.0	6567.0	2788.0	3296.0	1913.0	3138.0	710.0	1327.0	1697.0	735.0	1284.0	1499.0	4234.0	1497.0	4314.0	3818.0	965.0	5624.0	7018.0	5194.0	4127.0	3626.0	253.0	516.0	418.0	2531.0	88516.2	1122331.0	1487571.714336
sub-0021021	1388.0	815.0	3186.0	1808.0	579.0	3999.0	6316.0	4712.0	1359.0	5851.0	3655.0	3429.0	2688.0	4895.0	1039.0	1662.0	1537.0	987.0	1568.0	1329.0	5458.0	1522.0	7233.0	5585.0	1149.0	7503.0	9489.0	8084.0	5289.0	5785.0	372.0	520.0	558.0	2934.0	114289.0	1429437.0	1970358.063935
sub-0010106	899.0	685.0	2292.0	1321.0	310.0	2817.0	4160.0	2931.0	1033.0	5300.0	2592.0	3224.0	1809.0	2998.0	636.0	1440.0	1882.0	688.0	1872.0	1487.0	4281.0	1359.0	4213.0	4074.0	964.0	6550.0	7912.0	5368.0	4780.0	4649.0	296.0	452.0	710.0	2578.0	88563.4	1095515.0	1476499.466927
sub-0021017	803.0	585.0	1688.0	1339.0	292.0	2717.0	3984.0	3440.0	951.0	4686.0	2520.0	2460.0	1479.0	3068.0	620.0	1354.0	1338.0	708.0	1662.0	1082.0	3714.0	1183.0	4175.0	3580.0	560.0	5861.0	7017.0	5378.0	3708.0	3332.0	277.0	379.0	477.0	2289.0	78706.2	1005598.0	1391376.711812
sub-0021028	1144.0	543.0	2299.0	1642.0	510.0	3509.0	4905.0	3546.0	1138.0	5906.0	3187.0	3142.0	2036.0	3435.0	643.0	1512.0	1662.0	700.0	1281.0	1456.0	4282.0	1435.0	4477.0	4182.0	981.0	5471.0	7866.0	5827.0	4150.0	4279.0	326.0	532.0	501.0	2394.0	90899.7	1103441.0	1469681.542102
sub-0015017	1211.0	594.0	2913.0	2014.0	527.0	3657.0	6616.0	4462.0	1220.0	6529.0	3096.0	3838.0	2462.0	4067.0	816.0	1215.0	1503.0	863.0	1439.0	1754.0	5143.0	1166.0	5205.0	4738.0	912.0	7025.0	8070.0	7040.0	4184.0	3634.0	368.0	734.0	420.0	2453.0	101892.0	1265451.0	1683462.517017
sub-0010101	783.0	584.0	2110.0	1590.0	366.0	2614.0	3909.0	3125.0	946.0	5399.0	2641.0	2913.0	1830.0	2799.0	544.0	1431.0	1439.0	663.0	1357.0	1551.0	3523.0	1061.0	4481.0	4309.0	695.0	5381.0	7031.0	5841.0	3726.0	3521.0	249.0	384.0	466.0	2008.0	81272.6	1016426.0	1361463.329523
sub-0015028	1019.0	734.0	2434.0	1524.0	585.0	3793.0	5289.0	3925.0	1426.0	5510.0	2867.0	3586.0	2174.0	3612.0	878.0	1179.0	1666.0	761.0	1632.0	1346.0	4663.0	1287.0	4870.0	4379.0	1006.0	7082.0	8721.0	5929.0	4598.0	4583.0	335.0	523.0	495.0	2456.0	96866.9	1216908.0	1608083.012364
sub-1093743	1161.0	597.0	2538.0	1608.0	430.0	3479.0	6016.0	4531.0	1350.0	6069.0	2948.0	3306.0	2319.0	4393.0	781.0	1514.0	2338.0	817.0	1909.0	1317.0	4642.0	1617.0	4867.0	5221.0	850.0	6776.0	9239.0	6863.0	4841.0	4864.0	362.0	560.0	511.0	2876.0	103510.0	1295960.0	1778402.941974
sub-0015043	933.0	729.0	2490.0	1978.0	443.0	3102.0	4844.0	4048.0	967.0	5342.0	3497.0	3174.0	2199.0	4003.0	714.0	1610.0	1976.0	856.0	1646.0	1428.0	4236.0	1353.0	4599.0	4090.0	916.0	6269.0	8810.0	6737.0	4673.0	4519.0	341.0	520.0	528.0	2755.0	96327.0	1207090.0	1621639.08197
sub-0015044	1039.0	509.0	2250.0	1713.0	523.0	3435.0	5849.0	3611.0	1321.0	6218.0	2845.0	3754.0	1734.0	3523.0	636.0	1493.0	1824.0	857.0	1610.0	1434.0	4092.0	1200.0	4890.0	4470.0	675.0	7573.0	8556.0	5911.0	3834.0	3230.0	341.0	579.0	396.0	2175.0	94099.3	1174011.0	1562057.682792
sub-0016055	914.0	525.0	1797.0	1863.0	440.0	3721.0	5795.0	3797.0	1264.0	6356.0	2757.0	3390.0	1926.0	3334.0	747.0	1308.0	1969.0	972.0	1557.0	1693.0	4525.0	1325.0	5303.0	4915.0	636.0	6593.0	8423.0	6970.0	5060.0	4322.0	308.0	585.0	635.0	2611.0	98335.8	1251152.0	1696909.571707
sub-6115230	1027.0	633.0	2334.0	1380.0	359.0	3284.0	4585.0	2981.0	848.0	5032.0	2609.0	3138.0	1647.0	2910.0	769.0	1367.0	1411.0	733.0	1370.0	1591.0	3965.0	1342.0	4820.0	3789.0	709.0	5868.0	7605.0	5173.0	3894.0	4190.0	283.0	466.0	503.0	2371.0	84983.8	1008110.0	1377092.159782
sub-4241194	1183.0	668.0	2770.0	1608.0	434.0	3869.0	5317.0	4543.0	1363.0	5624.0	3445.0	3684.0	2283.0	4717.0	665.0	1257.0	1788.0	879.0	1755.0	1693.0	4956.0	1095.0	5787.0	5016.0	955.0	6761.0	7841.0	7307.0	4506.0	5554.0	358.0	524.0	548.0	2471.0	103224.0	1263079.0	1773765.983906
sub-4136226	859.0	594.0	2008.0	1704.0	460.0	2939.0	4957.0	3664.0	919.0	6051.0	2416.0	3496.0	1806.0	3648.0	715.0	1172.0	1574.0	664.0	1348.0	1847.0	4211.0	1156.0	4541.0	3884.0	819.0	5931.0	5855.0	5194.0	4266.0	4127.0	295.0	558.0	589.0	2293.0	86559.2	1117600.0	1497685.188161
sub-1875013	1045.0	741.0	2272.0	1738.0	359.0	3711.0	5162.0	3817.0	1383.0	5968.0	3313.0	3231.0	2019.0	3822.0	691.0	1445.0	1297.0	886.0	1456.0	1519.0	4818.0	1767.0	4960.0	4138.0	721.0	7367.0	8524.0	6270.0	4775.0	4891.0	330.0	476.0	460.0	2828.0	98200.4	1208612.0	1648608.820107
sub-0010123	1011.0	716.0	2348.0	1387.0	415.0	3053.0	4295.0	3302.0	1214.0	5481.0	2920.0	2747.0	1905.0	3317.0	709.0	1374.0	1405.0	769.0	1187.0	1208.0	4461.0	1408.0	5037.0	3867.0	909.0	5344.0	7886.0	5715.0	4031.0	3883.0	252.0	440.0	419.0	2451.0	86867.4	1156741.0	1627189.912081
sub-0015035	1091.0	886.0	3169.0	1721.0	498.0	3652.0	5909.0	4602.0	926.0	6170.0	3448.0	3167.0	2165.0	4476.0	793.0	1589.0	2365.0	945.0	1734.0	1501.0	4379.0	1506.0	5264.0	4837.0	1100.0	8062.0	9637.0	7037.0	4931.0	5134.0	322.0	475.0	436.0	2430.0	106361.0	1317284.0	1725485.907189
sub-0025002	922.0	1021.0	2628.0	2136.0	703.0	3967.0	5202.0	4187.0	2799.0	6179.0	3430.0	4361.0	2320.0	3681.0	985.0	1665.0	1754.0	874.0	1503.0	2148.0	5262.0	1852.0	5943.0	4944.0	1041.0	7336.0	9261.0	6701.0	5297.0	5605.0	366.0	647.0	622.0	3115.0	110475.0	1353340.0	1892613.442741
sub-8409791	1594.0	646.0	2982.0	1432.0	503.0	3695.0	5509.0	4820.0	1152.0	6018.0	3660.0	2874.0	2417.0	4383.0	838.0	1795.0	2242.0	950.0	1638.0	1081.0	4783.0	1427.0	6015.0	4098.0	1028.0	7248.0	9360.0	6274.0	5015.0	4776.0	347.0	553.0	529.0	2879.0	104559.0	1313480.0	1794897.325611
sub-0021035	1030.0	935.0	3172.0	1751.0	418.0	3371.0	5006.0	4500.0	1154.0	5633.0	3097.0	3104.0	1841.0	3806.0	741.0	1533.0	1671.0	842.0	1553.0	1602.0	4632.0	1569.0	4991.0	4012.0	940.0	6751.0	8742.0	5954.0	4472.0	4729.0	327.0	507.0	521.0	2697.0	97604.3	1257435.0	1714602.740092
sub-0015004	1056.0	597.0	2268.0	1852.0	560.0	3482.0	5345.0	3787.0	1043.0	5094.0	2639.0	3398.0	2173.0	3244.0	618.0	1506.0	1511.0	791.0	1146.0	1793.0	4339.0	1302.0	5133.0	4866.0	732.0	5650.0	8040.0	6496.0	3723.0	4182.0	304.0	530.0	413.0	2077.0	91693.5	1111055.0	1500912.205862
sub-4219416	1073.0	573.0	1777.0	957.0	429.0	2584.0	4173.0	2840.0	883.0	4339.0	2409.0	2695.0	1651.0	3332.0	585.0	1222.0	1647.0	655.0	1327.0	873.0	4015.0	1073.0	4054.0	3476.0	583.0	4095.0	5734.0	5254.0	4139.0	3943.0	223.0	390.0	490.0	2351.0	75844.3	1003713.0	1355248.567302
sub-0010115	957.0	888.0	2262.0	1889.0	421.0	3395.0	3481.0	4062.0	993.0	5175.0	2597.0	3178.0	1966.0	3270.0	639.0	1600.0	2316.0	646.0	1518.0	1757.0	4107.0	1391.0	4353.0	3784.0	1034.0	6362.0	8175.0	4925.0	3985.0	4095.0	259.0	577.0	557.0	2442.0	89057.2	1103559.0	1471947.972271
sub-0016047	1258.0	821.0	3097.0	1664.0	492.0	2974.0	5277.0	3675.0	1259.0	5383.0	2970.0	3790.0	2162.0	3374.0	729.0	1644.0	1797.0	777.0	1371.0	1866.0	5126.0	1551.0	5433.0	4987.0	1113.0	6748.0	8355.0	6298.0	4420.0	4353.0	316.0	510.0	673.0	2129.0	98392.7	1216760.0	1586231.168623
sub-0016078	1190.0	835.0	2597.0	1427.0	524.0	3162.0	5212.0	3685.0	942.0	4881.0	3436.0	3254.0	2539.0	3888.0	608.0	1538.0	1742.0	910.0	1509.0	1468.0	4191.0	1381.0	6037.0	3872.0	924.0	7042.0	7579.0	5397.0	4682.0	4242.0	334.0	619.0	445.0	2496.0	94591.1	1268986.0	1721061.725067
sub-0015051	739.0	706.0	2466.0	1753.0	587.0	2940.0	5007.0	3781.0	1157.0	5848.0	2939.0	3271.0	2109.0	3110.0	621.0	1216.0	1808.0	848.0	1383.0	1555.0	4851.0	1233.0	5226.0	3832.0	926.0	6282.0	7333.0	4838.0	3848.0	3509.0	381.0	528.0	429.0	2510.0	89569.4	1126703.0	1530940.525974
sub-0016071	777.0	638.0	2393.0	1465.0	378.0	2605.0	3681.0	3345.0	1047.0	4614.0	2716.0	2916.0	1896.0	3247.0	636.0	1074.0	1511.0	701.0	1128.0	1647.0	3655.0	1031.0	4287.0	3785.0	896.0	5560.0	6720.0	5219.0	3319.0	3449.0	303.0	447.0	411.0	2000.0	79499.5	948276.0	1317789.755209
sub-0010113	777.0	702.0	2154.0	1617.0	411.0	2679.0	3689.0	3121.0	1091.0	4792.0	2784.0	2933.0	1871.0	2870.0	719.0	1149.0	1571.0	622.0	1487.0	1602.0	4307.0	1199.0	4570.0	3418.0	884.0	5080.0	6713.0	5053.0	3851.0	4015.0	297.0	421.0	464.0	2258.0	81169.5	1034040.0	1391994.539692
sub-0015005	889.0	583.0	2006.0	1999.0	561.0	2883.0	4329.0	4194.0	943.0	5310.0	2839.0	2994.0	2106.0	3776.0	637.0	1444.0	1729.0	765.0	1404.0	1692.0	4031.0	1143.0	5175.0	3657.0	894.0	5480.0	8254.0	5645.0	4130.0	4098.0	338.0	552.0	490.0	2378.0	89347.2	1183397.0	1575049.332783
sub-6500128	1034.0	995.0	2292.0	1687.0	457.0	3500.0	5074.0	4390.0	1238.0	5696.0	3677.0	4140.0	2204.0	4261.0	1008.0	1506.0	1515.0	873.0	1164.0	1628.0	4727.0	1695.0	5779.0	4939.0	1276.0	5971.0	8288.0	7008.0	5575.0	5610.0	335.0	610.0	720.0	3042.0	103916.0	1232524.0	1670135.243421
sub-0015033	1489.0	699.0	2912.0	1520.0	588.0	3645.0	5844.0	3840.0	1335.0	5490.0	3223.0	3692.0	2295.0	4035.0	666.0	1480.0	2001.0	933.0	1710.0	1794.0	4980.0	1465.0	5502.0	4445.0	1172.0	6944.0	9729.0	6412.0	5040.0	4728.0	332.0	508.0	569.0	2678.0	103700.0	1238831.0	1652957.269183
sub-0010122	706.0	1278.0	2612.0	1873.0	679.0	3923.0	4829.0	4540.0	1524.0	6888.0	2952.0	4691.0	1921.0	3974.0	921.0	1599.0	1694.0	839.0	1526.0	2161.0	5116.0	1884.0	7319.0	3925.0	1036.0	7149.0	8625.0	6086.0	5298.0	4697.0	350.0	743.0	650.0	2839.0	106847.0	1415759.0	1938744.631428
sub-0015034	1222.0	820.0	2674.0	1716.0	615.0	3176.0	6145.0	3939.0	1143.0	6160.0	3412.0	3817.0	2153.0	4100.0	760.0	1486.0	1863.0	831.0	1776.0	1825.0	5106.0	1538.0	6042.0	4666.0	1073.0	6368.0	9055.0	6311.0	4582.0	4812.0	346.0	562.0	470.0	2842.0	103409.0	1270118.0	1679829.896004
sub-0010050	1152.0	577.0	2984.0	1671.0	390.0	3107.0	4692.0	3677.0	965.0	5209.0	3068.0	3414.0	2143.0	3280.0	626.0	1663.0	1740.0	764.0	1464.0	1540.0	4115.0	1135.0	5838.0	4266.0	834.0	6347.0	9632.0	5951.0	3988.0	3737.0	278.0	453.0	516.0	2884.0	94102.9	1152329.0	1590464.237683
sub-0010068	1200.0	759.0	3142.0	2028.0	544.0	3291.0	5476.0	3986.0	1295.0	6646.0	3532.0	3892.0	2488.0	3792.0	679.0	1279.0	1739.0	986.0	1600.0	1850.0	5021.0	1539.0	6097.0	4919.0	1047.0	7737.0	9812.0	6712.0	5246.0	5716.0	282.0	610.0	568.0	2760.0	108271.0	1414846.0	1902804.70146
sub-1404738	925.0	470.0	2073.0	1504.0	568.0	3315.0	3724.0	3921.0	748.0	4258.0	2745.0	3005.0	2149.0	3369.0	623.0	1319.0	1531.0	709.0	1435.0	1341.0	4681.0	920.0	5122.0	4169.0	849.0	6194.0	8343.0	5199.0	4054.0	4361.0	307.0	542.0	453.0	2539.0	87466.3	1134805.0	1515856.960945
sub-9750701	821.0	693.0	2313.0	1453.0	417.0	2892.0	4659.0	3054.0	898.0	5373.0	2389.0	2858.0	1926.0	3222.0	619.0	1407.0	1474.0	599.0	1204.0	1482.0	3475.0	1214.0	4545.0	3365.0	803.0	5681.0	8018.0	4827.0	3748.0	2844.0	258.0	465.0	431.0	2395.0	81821.5	1037746.0	1406548.831224
sub-4116166	1214.0	1177.0	2411.0	1809.0	479.0	3431.0	6192.0	4101.0	1257.0	6231.0	3432.0	3499.0	2163.0	4297.0	624.0	1762.0	1945.0	896.0	1868.0	1812.0	4869.0	1593.0	5218.0	4934.0	1081.0	6822.0	7609.0	6432.0	4233.0	3521.0	334.0	501.0	391.0	2626.0	100765.0	1245687.0	1645875.805036
sub-0010092	1024.0	777.0	2469.0	1548.0	348.0	3013.0	4041.0	2753.0	1074.0	4508.0	2682.0	2967.0	1901.0	2890.0	684.0	1399.0	1408.0	719.0	1214.0	1547.0	4031.0	1299.0	4767.0	3678.0	613.0	5523.0	6554.0	5871.0	4032.0	3818.0	264.0	513.0	548.0	2351.0	82827.5	1053362.0	1517329.866762
sub-0010035	1015.0	939.0	3593.0	1463.0	538.0	3198.0	4768.0	3792.0	1092.0	5367.0	3339.0	2679.0	2288.0	3306.0	533.0	1528.0	1640.0	745.0	1638.0	1265.0	5806.0	1462.0	5781.0	3887.0	1213.0	6978.0	8752.0	5783.0	4305.0	4965.0	288.0	561.0	475.0	2609.0	97592.0	1183507.0	1552151.415442
sub-0010003	617.0	497.0	1806.0	1398.0	244.0	1814.0	2899.0	1307.0	706.0	3828.0	1356.0	1873.0	1211.0	1620.0	434.0	1280.0	1127.0	457.0	935.0	855.0	3519.0	825.0	3988.0	2572.0	371.0	3213.0	5019.0	3794.0	2842.0	3069.0	161.0	303.0	388.0	1856.0	58185.5	759617.0	1201864.098078
sub-0010004	611.0	600.0	1502.0	1394.0	414.0	2483.0	3924.0	2363.0	827.0	3833.0	2135.0	2836.0	1555.0	2096.0	611.0	1144.0	1398.0	550.0	1321.0	1311.0	3288.0	946.0	3559.0	2994.0	478.0	4218.0	5759.0	4976.0	3155.0	3055.0	241.0	477.0	440.0	2123.0	68615.0	903754.0	1259168.465611
sub-0010093	654.0	615.0	1994.0	1185.0	364.0	2568.0	3598.0	2853.0	606.0	4098.0	2130.0	2791.0	1746.0	2444.0	672.0	1440.0	1113.0	534.0	1044.0	1153.0	3438.0	994.0	3970.0	3384.0	698.0	4695.0	6811.0	4617.0	3531.0	3067.0	262.0	407.0	417.0	1960.0	71851.3	955930.0	1294989.833168
sub-0010067	664.0	783.0	1975.0	1420.0	485.0	2223.0	3989.0	2350.0	918.0	4623.0	2394.0	2718.0	1990.0	2828.0	876.0	1539.0	1670.0	687.0	1249.0	1688.0	3938.0	1087.0	4787.0	3750.0	988.0	5549.0	7919.0	5597.0	5008.0	3210.0	345.0	477.0	497.0	2658.0	82879.1	944013.0	1726074.940603
sub-0010058	1161.0	1101.0	2503.0	1905.0	312.0	3846.0	4476.0	3762.0	1105.0	5171.0	3328.0	3372.0	2130.0	3685.0	569.0	1477.0	2295.0	850.0	1757.0	1493.0	4744.0	1593.0	5169.0	5005.0	1150.0	7366.0	8612.0	6256.0	5097.0	5437.0	351.0	516.0	505.0	2546.0	100642.0	1256986.0	1691810.102852
sub-8387093	1513.0	832.0	2670.0	1729.0	514.0	3893.0	5296.0	3989.0	1259.0	5536.0	3066.0	3158.0	2195.0	4115.0	886.0	1399.0	1801.0	766.0	1228.0	1340.0	5435.0	1404.0	6208.0	4332.0	1023.0	6639.0	9158.0	5491.0	5149.0	5375.0	289.0	558.0	587.0	2644.0	101478.0	1229006.0	1701362.261925
sub-4084645	971.0	742.0	2399.0	1314.0	325.0	2401.0	4228.0	2740.0	933.0	4960.0	1776.0	2543.0	1383.0	2642.0	648.0	1399.0	1494.0	482.0	1190.0	1073.0	4358.0	1104.0	4734.0	3771.0	473.0	4456.0	6416.0	4958.0	3381.0	3277.0	311.0	423.0	484.0	1983.0	75771.9	952315.0	1306681.008353
sub-0010069	1045.0	836.0	2743.0	2204.0	363.0	3715.0	5189.0	3669.0	1324.0	6765.0	3081.0	3760.0	2521.0	3608.0	602.0	1537.0	1598.0	870.0	1739.0	2151.0	5071.0	1670.0	5519.0	5353.0	1181.0	7800.0	8077.0	6796.0	4546.0	5542.0	324.0	577.0	505.0	2703.0	104984.0	1338835.0	1864284.398864
sub-0010051	1008.0	762.0	2690.0	1783.0	616.0	3521.0	4868.0	3750.0	1019.0	5332.0	3125.0	3839.0	2207.0	3870.0	728.0	1583.0	1413.0	905.0	1515.0	1958.0	4505.0	1395.0	5297.0	4238.0	1010.0	7171.0	9045.0	6246.0	4074.0	4096.0	344.0	473.0	429.0	3059.0	97876.2	1266001.0	1681064.043103
sub-0010005	961.0	743.0	2172.0	1269.0	538.0	2939.0	4757.0	3330.0	982.0	5117.0	2393.0	2930.0	1778.0	3236.0	685.0	1424.0	1713.0	824.0	1421.0	1278.0	4297.0	1209.0	5318.0	3428.0	722.0	7208.0	8662.0	4538.0	4032.0	3226.0	333.0	543.0	440.0	2329.0	86774.6	1133062.0	1597457.188079
sub-4016887	1165.0	884.0	2630.0	1547.0	594.0	3521.0	6765.0	4781.0	1175.0	5921.0	3288.0	3135.0	2263.0	4817.0	829.0	1702.0	1912.0	882.0	1390.0	1518.0	4833.0	1677.0	5258.0	4833.0	906.0	7424.0	8303.0	5991.0	4927.0	4459.0	371.0	483.0	609.0	2637.0	103431.0	1289772.0	1701944.154433
sub-7407032	1251.0	792.0	2469.0	1749.0	559.0	3855.0	5876.0	4794.0	1259.0	6286.0	3114.0	3491.0	2332.0	4130.0	758.0	1589.0	2580.0	948.0	1846.0	1428.0	5508.0	1479.0	5572.0	4782.0	1204.0	6693.0	8634.0	5640.0	4606.0	4906.0	336.0	586.0	606.0	2617.0	104274.0	1332657.0	1857824.86889
sub-0010002	976.0	757.0	1856.0	1727.0	534.0	2712.0	4227.0	2705.0	922.0	5314.0	2647.0	3710.0	1889.0	2523.0	657.0	1384.0	1872.0	762.0	1586.0	1580.0	4017.0	1091.0	4471.0	3276.0	829.0	6364.0	7430.0	4627.0	4336.0	4004.0	341.0	547.0	492.0	2393.0	84557.3	1031236.0	1411428.512144
sub-0023012	830.0	631.0	2036.0	1477.0	428.0	3236.0	4658.0	3733.0	1012.0	5376.0	2876.0	2909.0	1698.0	3721.0	676.0	1394.0	1821.0	749.0	1121.0	1340.0	3699.0	1219.0	4537.0	3872.0	832.0	5656.0	8172.0	4921.0	4363.0	3255.0	295.0	400.0	496.0	2398.0	85837.1	1139467.0	1521041.460735
sub-4075719	1138.0	622.0	3011.0	1843.0	423.0	4064.0	4977.0	4273.0	1509.0	6297.0	3082.0	3801.0	1866.0	5005.0	682.0	1492.0	1751.0	820.0	1695.0	1748.0	5173.0	1513.0	6219.0	4822.0	811.0	6614.0	8890.0	7180.0	5513.0	4771.0	293.0	496.0	653.0	2737.0	105781.0	1269787.0	1695669.476279
sub-8915162	1180.0	918.0	2225.0	1710.0	374.0	3472.0	6117.0	4095.0	1239.0	5437.0	2357.0	3301.0	1587.0	3569.0	725.0	1735.0	1685.0	756.0	1401.0	1359.0	4518.0	1620.0	5341.0	4432.0	976.0	6106.0	7942.0	6535.0	4393.0	4220.0	285.0	556.0	554.0	2919.0	95637.9	1248573.0	1780780.394299
sub-0010034	1107.0	846.0	2856.0	1650.0	367.0	3399.0	5015.0	2687.0	997.0	5440.0	2923.0	3487.0	2056.0	2972.0	671.0	1415.0	1732.0	879.0	1700.0	1511.0	4229.0	1102.0	5313.0	3506.0	992.0	7129.0	9031.0	5423.0	4222.0	3833.0	320.0	483.0	459.0	2503.0	92258.7	1257068.0	1678430.327753
sub-0010033	1404.0	736.0	2199.0	1459.0	367.0	3112.0	5441.0	3440.0	1354.0	5860.0	2739.0	2982.0	1896.0	3622.0	665.0	1486.0	1629.0	646.0	1296.0	931.0	4515.0	1298.0	5155.0	4413.0	915.0	5959.0	7801.0	5476.0	3942.0	4901.0	281.0	423.0	493.0	2438.0	91277.2	1154368.0	1555279.539642
sub-2208591	1074.0	629.0	2762.0	1433.0	461.0	3013.0	3604.0	3511.0	837.0	5023.0	2527.0	3097.0	1887.0	3416.0	678.0	1519.0	1420.0	582.0	1081.0	1371.0	4616.0	1026.0	6056.0	3176.0	944.0	6945.0	7887.0	4098.0	4360.0	3207.0	278.0	402.0	551.0	2826.0	86299.0	1109198.0	1480942.964439
sub-2756846	1452.0	656.0	2490.0	1257.0	413.0	2954.0	4045.0	3534.0	1024.0	4964.0	3188.0	2618.0	2257.0	3062.0	565.0	1293.0	1715.0	893.0	1437.0	1343.0	4332.0	1269.0	5181.0	3294.0	825.0	7292.0	7634.0	5635.0	4858.0	4991.0	325.0	504.0	449.0	2239.0	89988.0	1111289.0	1518505.738658
sub-9499804	719.0	706.0	2429.0	1472.0	538.0	3392.0	4014.0	4167.0	995.0	5020.0	2974.0	2974.0	2169.0	3416.0	885.0	1251.0	2130.0	885.0	1637.0	1810.0	4567.0	1399.0	5045.0	4267.0	1069.0	6822.0	7761.0	6243.0	3991.0	3954.0	357.0	469.0	480.0	2366.0	92371.0	1149490.0	1503711.783926
sub-0010041	1132.0	701.0	2047.0	1704.0	439.0	3433.0	4613.0	3217.0	1136.0	5767.0	2292.0	3003.0	1864.0	3090.0	950.0	1400.0	1300.0	832.0	1405.0	1447.0	4331.0	1325.0	4906.0	4051.0	822.0	6255.0	8193.0	6063.0	4360.0	4747.0	244.0	441.0	609.0	2577.0	90696.3	1191331.0	1605189.2844
sub-0023005	912.0	558.0	1870.0	1452.0	343.0	2586.0	3953.0	3348.0	818.0	3947.0	2781.0	2744.0	1707.0	3068.0	701.0	1476.0	1583.0	759.0	1836.0	1425.0	3995.0	1126.0	4615.0	3721.0	738.0	6353.0	6198.0	5430.0	3967.0	5136.0	256.0	408.0	548.0	2303.0	82661.9	1051706.0	1408231.421599
sub-0010015	1001.0	763.0	2254.0	1595.0	406.0	2331.0	4551.0	2787.0	1218.0	5553.0	2454.0	3097.0	1914.0	3428.0	736.0	1532.0	1611.0	849.0	1475.0	1418.0	4627.0	1282.0	5710.0	4689.0	696.0	6253.0	8225.0	7218.0	4902.0	4962.0	293.0	482.0	652.0	2611.0	93576.8	1126820.0	1650908.508106
sub-2074737	1152.0	928.0	2897.0	2003.0	500.0	3886.0	5998.0	4694.0	1348.0	6162.0	3164.0	3370.0	2261.0	4199.0	639.0	1414.0	1830.0	952.0	1960.0	1946.0	5263.0	1670.0	5673.0	4691.0	1004.0	7484.0	9528.0	6252.0	4651.0	5676.0	378.0	569.0	520.0	2709.0	107370.0	1289333.0	1729320.728513
sub-0027004	1093.0	800.0	3340.0	1609.0	791.0	4186.0	6347.0	4840.0	1914.0	6130.0	2989.0	3483.0	2233.0	4110.0	868.0	1576.0	2031.0	847.0	1528.0	1471.0	5694.0	1708.0	6451.0	4997.0	1010.0	6841.0	9818.0	5853.0	5503.0	5037.0	335.0	618.0	627.0	2802.0	109478.0	1297999.0	1766201.866882
sub-0010024	1374.0	984.0	2607.0	1839.0	511.0	3617.0	5814.0	4155.0	1211.0	4611.0	3183.0	3626.0	2628.0	3895.0	863.0	2021.0	1927.0	849.0	1830.0	1798.0	4757.0	1665.0	5332.0	4695.0	1135.0	7608.0	9425.0	6561.0	4624.0	5259.0	397.0	522.0	513.0	3270.0	105103.0	1315803.0	1798333.353851
sub-0010023	918.0	1097.0	2350.0	1799.0	562.0	3326.0	4778.0	3866.0	1329.0	5561.0	3006.0	2836.0	2053.0	3226.0	666.0	1439.0	2395.0	714.0	1754.0	1566.0	4392.0	1759.0	5504.0	3759.0	1116.0	6169.0	8741.0	5644.0	4688.0	3705.0	347.0	678.0	547.0	3031.0	95322.9	1204881.0	1668422.279126
sub-0010040	1060.0	751.0	1938.0	1321.0	544.0	3119.0	5047.0	3453.0	1155.0	5563.0	2986.0	2669.0	2009.0	3645.0	687.0	1481.0	1473.0	880.0	1371.0	1205.0	4128.0	1182.0	4540.0	4177.0	994.0	6776.0	7202.0	6011.0	4168.0	4441.0	344.0	484.0	475.0	2511.0	89787.3	1180686.0	1610381.554664
sub-0010078	1183.0	634.0	2313.0	1613.0	464.0	3454.0	5744.0	3752.0	1254.0	5614.0	2862.0	3037.0	1977.0	3921.0	743.0	1203.0	1615.0	924.0	1406.0	1455.0	4706.0	1218.0	4870.0	4395.0	801.0	6287.0	6967.0	7133.0	4643.0	4770.0	334.0	510.0	496.0	2571.0	94870.0	1227594.0	1669617.709752
sub-0010071	893.0	500.0	1639.0	1444.0	306.0	2806.0	4690.0	3910.0	1068.0	4911.0	2623.0	2680.0	2000.0	3027.0	619.0	1283.0	1246.0	734.0	1319.0	1495.0	3503.0	1139.0	4319.0	3649.0	603.0	6208.0	8137.0	5231.0	4553.0	3506.0	244.0	490.0	451.0	2245.0	83471.9	1072098.0	1432619.606029
sub-0010085	832.0	703.0	1756.0	1394.0	397.0	2676.0	4829.0	2952.0	861.0	4757.0	2718.0	2455.0	1739.0	2912.0	592.0	1312.0	1311.0	755.0	1464.0	1135.0	3662.0	1217.0	4639.0	3287.0	684.0	5527.0	6816.0	4999.0	3831.0	3537.0	277.0	429.0	485.0	2270.0	79207.9	1014419.0	1384996.246914
sub-0010049	1215.0	814.0	2165.0	1584.0	452.0	3443.0	5383.0	3853.0	1583.0	5301.0	2919.0	3432.0	2058.0	3926.0	635.0	1512.0	2203.0	749.0	1589.0	1534.0	4337.0	1548.0	4675.0	4023.0	1192.0	5670.0	7311.0	5910.0	4473.0	4567.0	313.0	551.0	515.0	2507.0	93943.7	1148853.0	1541497.217699
sub-0010076	905.0	785.0	2255.0	1322.0	468.0	3016.0	4482.0	3206.0	1129.0	4966.0	2521.0	2740.0	1765.0	3222.0	590.0	1246.0	1349.0	632.0	1191.0	1198.0	3870.0	1258.0	4566.0	3675.0	752.0	5304.0	8046.0	4725.0	4133.0	3724.0	308.0	488.0	493.0	2370.0	82700.2	972450.0	1342860.033406
sub-0010022	1116.0	943.0	2158.0	1913.0	534.0	3688.0	5857.0	3607.0	1423.0	5334.0	2621.0	3157.0	2531.0	3731.0	757.0	1255.0	1787.0	754.0	1349.0	1629.0	4728.0	1531.0	5309.0	4448.0	843.0	5499.0	6370.0	7703.0	5274.0	4503.0	345.0	601.0	613.0	2754.0	96665.3	1250629.0	1839389.471995
sub-2996531	967.0	672.0	3006.0	1597.0	421.0	3728.0	4463.0	4296.0	1251.0	6192.0	3302.0	3888.0	2383.0	3703.0	815.0	1448.0	2021.0	887.0	1700.0	1599.0	5087.0	1278.0	5559.0	4940.0	1209.0	6593.0	9427.0	6411.0	5178.0	5090.0	366.0	559.0	639.0	2841.0	103516.0	1311050.0	1783444.244695
sub-0027005	989.0	592.0	2290.0	1502.0	517.0	3206.0	3641.0	3271.0	850.0	5149.0	2594.0	2847.0	1816.0	2787.0	588.0	1408.0	1546.0	631.0	1512.0	1404.0	4113.0	1299.0	4664.0	3629.0	676.0	5203.0	7435.0	5159.0	4483.0	3642.0	250.0	528.0	559.0	2161.0	82943.9	1048905.0	1506119.589377
sub-0010013	442.0	615.0	1730.0	1207.0	620.0	1976.0	3414.0	1810.0	811.0	9326.0	2713.0	1598.0	1117.0	1758.0	874.0	1399.0	1383.0	482.0	1062.0	1037.0	4607.0	1026.0	4762.0	2822.0	611.0	3610.0	6181.0	5465.0	1392.0	1898.0	220.0	174.0	138.0	2113.0	70394.5	903479.0	1472697.438304
sub-0015048	826.0	778.0	3074.0	1637.0	462.0	3947.0	4422.0	2533.0	1006.0	6105.0	3251.0	3460.0	1804.0	2820.0	693.0	1560.0	1461.0	925.0	1469.0	1624.0	4517.0	1303.0	5379.0	3808.0	894.0	6215.0	8918.0	6002.0	4078.0	3939.0	343.0	457.0	519.0	2513.0	92739.1	1138789.0	1491867.125718
sub-0016050	1382.0	871.0	2975.0	1627.0	564.0	3353.0	4657.0	3595.0	1553.0	6241.0	3552.0	3816.0	2286.0	3645.0	861.0	1680.0	2188.0	842.0	1761.0	1580.0	5089.0	1874.0	6532.0	4721.0	1055.0	6718.0	8243.0	6095.0	5554.0	6262.0	337.0	579.0	670.0	3251.0	106010.0	1342360.0	1764602.150173
sub-1502229	1201.0	683.0	2510.0	1869.0	533.0	3717.0	5334.0	3861.0	1194.0	5548.0	2928.0	3391.0	1852.0	3721.0	753.0	1513.0	1810.0	786.0	1471.0	1599.0	4646.0	1409.0	5651.0	4818.0	1097.0	6539.0	7375.0	6523.0	4803.0	4880.0	332.0	549.0	568.0	2710.0	98180.0	1203955.0	1586598.313299
sub-0015041	1004.0	581.0	2529.0	1917.0	567.0	3321.0	4861.0	3926.0	1016.0	5412.0	3163.0	3131.0	2305.0	3921.0	748.0	1440.0	1508.0	853.0	1281.0	1615.0	4269.0	1303.0	5560.0	3874.0	973.0	6408.0	7994.0	6045.0	4492.0	4192.0	353.0	586.0	452.0	2735.0	94333.5	1256359.0	1702915.688415
sub-0021046	1257.0	668.0	2324.0	1607.0	384.0	3705.0	5685.0	3987.0	1191.0	5864.0	3033.0	2806.0	2152.0	3849.0	576.0	1391.0	1815.0	977.0	1693.0	1324.0	4748.0	1404.0	5239.0	4405.0	879.0	7319.0	8429.0	5833.0	5021.0	3441.0	333.0	482.0	554.0	2477.0	96852.1	1192997.0	1629175.481348
sub-0021041	1100.0	681.0	1979.0	1476.0	340.0	3097.0	4448.0	3155.0	885.0	5022.0	2631.0	3679.0	2159.0	3013.0	699.0	1661.0	2025.0	705.0	1534.0	1405.0	4006.0	1171.0	5353.0	4531.0	966.0	5564.0	7186.0	6032.0	4406.0	4916.0	304.0	411.0	486.0	2493.0	89518.3	1144376.0	1509436.770806
sub-0010104	1130.0	664.0	2763.0	1844.0	453.0	3733.0	5259.0	4229.0	1192.0	5315.0	3587.0	3023.0	2295.0	4055.0	898.0	1560.0	2307.0	1067.0	2105.0	1624.0	5502.0	1626.0	5627.0	4637.0	1114.0	7314.0	9862.0	7196.0	5442.0	5916.0	381.0	550.0	537.0	3240.0	108048.0	1354434.0	1844081.656525
sub-0015015	774.0	491.0	2467.0	1569.0	529.0	2745.0	3729.0	3279.0	845.0	5365.0	2318.0	3070.0	1469.0	2915.0	612.0	1282.0	1840.0	697.0	1502.0	1667.0	4088.0	961.0	4569.0	4191.0	722.0	5420.0	7208.0	5316.0	3858.0	3394.0	262.0	464.0	516.0	2273.0	82408.0	948440.0	1244951.263338
sub-0010103	1111.0	688.0	2857.0	1630.0	449.0	3651.0	5800.0	4344.0	1029.0	4926.0	2783.0	2886.0	2086.0	4169.0	591.0	1508.0	1401.0	646.0	965.0	1305.0	4711.0	1509.0	5181.0	4186.0	715.0	6115.0	9328.0	6387.0	4586.0	4676.0	352.0	601.0	500.0	2287.0	95959.4	1197593.0	1649946.415928
sub-5971050	1001.0	654.0	2686.0	1602.0	412.0	2857.0	4330.0	3320.0	973.0	4839.0	2445.0	2873.0	1758.0	3139.0	613.0	1341.0	1400.0	618.0	1259.0	1316.0	4448.0	1398.0	5536.0	4188.0	677.0	5974.0	8275.0	6050.0	3899.0	4507.0	218.0	470.0	463.0	2161.0	87699.1	1069494.0	1445786.051912
sub-0025014	1151.0	633.0	2406.0	1417.0	581.0	3058.0	4213.0	3369.0	1013.0	5018.0	2918.0	2637.0	1759.0	3295.0	652.0	1497.0	1218.0	682.0	1214.0	1374.0	3974.0	1338.0	5017.0	3435.0	894.0	6438.0	7262.0	4829.0	4667.0	3573.0	324.0	478.0	511.0	2414.0	85257.7	1100902.0	1478780.433432
sub-0015023	939.0	485.0	1883.0	1943.0	462.0	2832.0	4239.0	3165.0	1075.0	6265.0	2749.0	2994.0	1543.0	2918.0	614.0	1287.0	1624.0	778.0	1401.0	1747.0	4022.0	1033.0	4329.0	3636.0	720.0	6195.0	7569.0	5714.0	4029.0	3727.0	270.0	414.0	447.0	2345.0	85390.8	1064538.0	1394591.658788
sub-3560456	908.0	452.0	1727.0	1290.0	549.0	2883.0	3623.0	3250.0	802.0	4096.0	2459.0	2020.0	1644.0	3158.0	689.0	1184.0	1310.0	578.0	1322.0	1050.0	3373.0	971.0	3992.0	2981.0	595.0	3704.0	5544.0	3751.0	3484.0	2960.0	275.0	479.0	467.0	2228.0	69798.9	898976.0	1354002.724299
sub-0015024	1082.0	574.0	2428.0	1858.0	496.0	3756.0	5077.0	4291.0	1413.0	6110.0	2863.0	3490.0	1994.0	3857.0	692.0	1462.0	2019.0	817.0	1482.0	1506.0	4961.0	1549.0	5117.0	4324.0	954.0	7293.0	7841.0	6105.0	4780.0	4279.0	370.0	607.0	627.0	2447.0	98521.4	1202962.0	1595519.627099
sub-0021023	973.0	688.0	2542.0	1366.0	439.0	3249.0	4507.0	2989.0	1152.0	4906.0	2630.0	3239.0	1957.0	2895.0	631.0	1381.0	1629.0	746.0	1265.0	1316.0	4202.0	1310.0	4916.0	4039.0	899.0	5845.0	7187.0	5978.0	3996.0	4035.0	290.0	519.0	453.0	2298.0	86467.8	1077991.0	1450618.356487
sub-0015040	1236.0	1126.0	2838.0	2115.0	404.0	4152.0	6377.0	3896.0	1411.0	7318.0	4032.0	4507.0	2393.0	4339.0	628.0	1613.0	2108.0	1006.0	2223.0	2173.0	4675.0	1563.0	6073.0	4666.0	1208.0	7313.0	7949.0	5604.0	4878.0	4098.0	357.0	470.0	539.0	2965.0	108251.0	1268920.0	1729302.611806
sub-0015049	1236.0	747.0	2448.0	1956.0	697.0	3664.0	6623.0	3664.0	1402.0	7470.0	3607.0	4241.0	2343.0	4268.0	613.0	1585.0	1606.0	995.0	1898.0	2007.0	4840.0	1351.0	5399.0	4632.0	1211.0	7733.0	9617.0	6132.0	4968.0	5026.0	352.0	641.0	571.0	3116.0	108659.0	1331197.0	1754432.03814
sub-4053388	1534.0	955.0	2867.0	1807.0	412.0	3381.0	5712.0	4117.0	1643.0	5547.0	3009.0	3452.0	1865.0	4166.0	676.0	1506.0	1703.0	790.0	1473.0	1669.0	4842.0	1776.0	5010.0	4011.0	891.0	6599.0	8405.0	4912.0	4706.0	4919.0	322.0	526.0	540.0	2941.0	98692.9	1178326.0	1579697.003714
sub-4134561	1607.0	1520.0	3372.0	2325.0	509.0	4106.0	6467.0	4626.0	1203.0	7147.0	3334.0	4022.0	2824.0	5004.0	706.0	1710.0	2763.0	924.0	2117.0	2089.0	4848.0	1625.0	7559.0	4395.0	1477.0	7265.0	11450.0	6159.0	6483.0	3415.0	356.0	539.0	775.0	2866.0	117592.0	1431923.0	1942238.032312
sub-8991934	876.0	1084.0	2697.0	1586.0	456.0	3595.0	4657.0	3982.0	1003.0	5613.0	3107.0	2998.0	2202.0	3386.0	690.0	1477.0	1826.0	778.0	1615.0	1580.0	4896.0	1269.0	5315.0	5233.0	1132.0	6655.0	7883.0	6649.0	4463.0	4416.0	306.0	523.0	514.0	2473.0	96932.4	1156174.0	1608944.770616
sub-0021022	904.0	587.0	1878.0	1378.0	338.0	2946.0	3309.0	3063.0	890.0	4800.0	1996.0	2846.0	1848.0	2662.0	559.0	1242.0	1308.0	522.0	1128.0	1293.0	3677.0	970.0	4214.0	3600.0	746.0	5544.0	6920.0	4429.0	4048.0	3596.0	283.0	443.0	386.0	2054.0	76407.4	966507.0	1265760.535106
sub-0015025	1133.0	829.0	2789.0	1556.0	553.0	3374.0	4684.0	2915.0	946.0	5091.0	2896.0	2754.0	1860.0	3039.0	661.0	1674.0	2030.0	890.0	1684.0	1240.0	4591.0	1452.0	4991.0	3934.0	869.0	6898.0	8173.0	5148.0	5145.0	4914.0	300.0	504.0	582.0	2611.0	92709.5	1145545.0	1514195.516875
sub-2601519	863.0	730.0	2965.0	1876.0	448.0	3551.0	4598.0	3750.0	1153.0	5343.0	2817.0	2808.0	2269.0	3747.0	647.0	1570.0	1634.0	815.0	1527.0	1593.0	5237.0	1630.0	5881.0	4313.0	1011.0	7608.0	8607.0	7334.0	4819.0	4702.0	383.0	559.0	554.0	2705.0	100047.0	1240677.0	1701670.346053
sub-0015022	1450.0	635.0	2667.0	1613.0	483.0	3190.0	5151.0	4310.0	1065.0	4945.0	3154.0	3545.0	2282.0	4005.0	633.0	1409.0	1495.0	738.0	1035.0	1354.0	4468.0	1238.0	5711.0	5019.0	859.0	5829.0	9124.0	6127.0	4742.0	5610.0	320.0	542.0	511.0	2534.0	97796.6	1265659.0	1656782.639791
sub-0021025	924.0	564.0	1937.0	1436.0	399.0	2641.0	4420.0	2725.0	957.0	5079.0	2858.0	3296.0	2127.0	2963.0	879.0	1379.0	1803.0	947.0	1586.0	1471.0	4280.0	1236.0	4436.0	3837.0	757.0	6293.0	7636.0	6077.0	4965.0	4849.0	307.0	418.0	566.0	2820.0	88869.6	1144390.0	1533815.635411
sub-4265987	1193.0	902.0	2772.0	1330.0	512.0	3335.0	5395.0	4338.0	1404.0	5100.0	3096.0	3268.0	2371.0	4099.0	799.0	1375.0	1568.0	755.0	1428.0	1489.0	4831.0	1779.0	5516.0	4664.0	1041.0	6537.0	9006.0	6563.0	4626.0	6653.0	308.0	461.0	580.0	2479.0	101571.0	1256852.0	1774257.639898
sub-0015014	1232.0	566.0	2631.0	1429.0	537.0	3432.0	5783.0	3398.0	1008.0	5160.0	2969.0	3755.0	2165.0	4013.0	741.0	1423.0	1683.0	838.0	1606.0	1312.0	4781.0	1309.0	4977.0	5304.0	843.0	6316.0	8148.0	6470.0	4673.0	4380.0	309.0	535.0	473.0	2675.0	96883.6	1178912.0	1552839.891953
sub-0021013	1026.0	771.0	2691.0	1855.0	397.0	3433.0	4290.0	3959.0	1346.0	5704.0	3042.0	3552.0	2213.0	3397.0	624.0	1277.0	1577.0	821.0	1367.0	1780.0	5010.0	1578.0	4843.0	4552.0	1186.0	5916.0	8045.0	6981.0	4560.0	4613.0	351.0	523.0	535.0	2626.0	96438.1	1209414.0	1665664.147374
sub-3349423	1202.0	826.0	3318.0	1833.0	658.0	4135.0	6831.0	4853.0	1297.0	6416.0	3493.0	3802.0	2227.0	4192.0	797.0	1900.0	2369.0	806.0	1883.0	1768.0	4789.0	1809.0	6151.0	4837.0	1434.0	7572.0	9597.0	7037.0	4750.0	4357.0	324.0	690.0	441.0	3413.0	111810.0	1441157.0	1970172.303323
sub-0010102	1033.0	752.0	2945.0	1677.0	522.0	3768.0	6174.0	5080.0	1527.0	6257.0	2542.0	2857.0	1943.0	4568.0	703.0	1621.0	1561.0	750.0	1563.0	1138.0	5377.0	1551.0	5935.0	4377.0	721.0	6830.0	9674.0	6987.0	4969.0	5456.0	356.0	633.0	519.0	2809.0	105179.0	1288105.0	1852794.285309
sub-0015013	1091.0	964.0	2894.0	2119.0	637.0	4268.0	5864.0	4503.0	1249.0	6286.0	3266.0	3792.0	1953.0	4193.0	786.0	1758.0	1580.0	992.0	1376.0	1870.0	5517.0	1707.0	6103.0	4878.0	1139.0	6973.0	9626.0	6310.0	4985.0	4920.0	339.0	630.0	640.0	2969.0	108173.0	1327632.0	1737457.82199
sub-0021009	1089.0	601.0	1983.0	1414.0	392.0	2462.0	4245.0	2497.0	796.0	4275.0	2727.0	2761.0	1862.0	2858.0	681.0	1243.0	1888.0	818.0	1621.0	1412.0	3751.0	1104.0	4397.0	3351.0	801.0	5507.0	6943.0	4789.0	3817.0	3840.0	283.0	406.0	454.0	2123.0	79191.1	1035080.0	1371560.362081
sub-3999344	1022.0	630.0	2228.0	1445.0	378.0	3078.0	4536.0	3452.0	976.0	4641.0	2992.0	2671.0	1844.0	3000.0	781.0	1471.0	1337.0	643.0	1181.0	1004.0	4280.0	1109.0	4487.0	3699.0	872.0	6089.0	6558.0	6106.0	4089.0	4195.0	267.0	409.0	558.0	2694.0	84722.3	1114613.0	1497712.365795
sub-0015036	978.0	551.0	2047.0	1483.0	594.0	3177.0	4022.0	3716.0	902.0	4581.0	2742.0	3165.0	1990.0	3526.0	687.0	1174.0	1430.0	815.0	1254.0	1506.0	4290.0	1090.0	4632.0	3797.0	715.0	6563.0	7568.0	5324.0	4201.0	4533.0	330.0	583.0	484.0	2508.0	86958.6	1139752.0	1498126.603625
sub-0025001	1096.0	562.0	1847.0	1081.0	281.0	2930.0	3799.0	2643.0	862.0	3983.0	2302.0	2463.0	1493.0	2542.0	584.0	1003.0	1395.0	564.0	1203.0	1098.0	3271.0	1008.0	4188.0	3038.0	586.0	4952.0	6112.0	4113.0	3756.0	3599.0	266.0	401.0	431.0	2083.0	71542.2	915365.0	1251297.195394
sub-0010116	1312.0	859.0	2985.0	1794.0	566.0	4121.0	6112.0	4685.0	1380.0	7601.0	3259.0	3952.0	2419.0	4817.0	674.0	1438.0	1720.0	778.0	1306.0	1992.0	5200.0	1366.0	5634.0	4374.0	1039.0	6080.0	9028.0	5653.0	4446.0	4022.0	324.0	677.0	442.0	2560.0	104615.0	1284196.0	1748689.20535
sub-0015038	1066.0	608.0	2381.0	1572.0	633.0	3567.0	4990.0	3923.0	1151.0	4859.0	2935.0	3290.0	2172.0	3152.0	754.0	1352.0	1719.0	820.0	1579.0	1798.0	4331.0	1325.0	5384.0	4468.0	703.0	6270.0	8121.0	7106.0	4110.0	5003.0	314.0	583.0	427.0	3007.0	95472.9	1261203.0	1690317.773505
sub-1208586	1149.0	610.0	2218.0	1673.0	414.0	2919.0	4467.0	3373.0	1209.0	5297.0	3119.0	3404.0	1970.0	3239.0	651.0	1516.0	1929.0	873.0	1936.0	1765.0	3949.0	1120.0	4956.0	4002.0	952.0	7014.0	8461.0	5851.0	4547.0	4724.0	292.0	562.0	489.0	2885.0	93534.6	1132106.0	1582668.363087
sub-0010111	1010.0	691.0	3160.0	1511.0	507.0	3199.0	5907.0	3179.0	1291.0	5551.0	2512.0	2966.0	1729.0	3366.0	565.0	1378.0	1543.0	706.0	1540.0	1379.0	4770.0	1485.0	5263.0	4205.0	1141.0	6601.0	8430.0	6094.0	4496.0	4578.0	308.0	439.0	632.0	2781.0	94911.4	1143522.0	1559175.486239
sub-0016074	1284.0	595.0	1958.0	1192.0	527.0	2784.0	4415.0	2840.0	950.0	3855.0	2389.0	2329.0	1723.0	2901.0	606.0	1275.0	1529.0	696.0	1330.0	1182.0	3316.0	1112.0	4254.0	3329.0	680.0	5365.0	6196.0	4724.0	3545.0	3831.0	262.0	452.0	386.0	2140.0	75952.6	1030399.0	1387834.905927
sub-4046678	966.0	757.0	2222.0	1609.0	569.0	3263.0	5646.0	4092.0	1411.0	5498.0	3217.0	2840.0	1867.0	3490.0	737.0	1357.0	1995.0	838.0	1692.0	1496.0	4188.0	1383.0	4625.0	4667.0	1001.0	6135.0	6791.0	6760.0	4514.0	5006.0	293.0	569.0	608.0	2601.0	94702.1	1205827.0	1633386.131668
sub-1696588	923.0	308.0	1875.0	1328.0	428.0	2647.0	4277.0	2741.0	1005.0	5029.0	2013.0	3068.0	1527.0	2944.0	537.0	1199.0	1573.0	518.0	1221.0	1368.0	3502.0	983.0	4320.0	4128.0	390.0	3538.0	6217.0	5490.0	3274.0	3270.0	205.0	473.0	389.0	1965.0	74673.8	962325.0	1356059.511026
sub-3994098	1239.0	865.0	2535.0	1374.0	515.0	3359.0	5161.0	4107.0	1247.0	5251.0	2822.0	3390.0	1937.0	4024.0	763.0	1489.0	1691.0	718.0	1433.0	1271.0	4627.0	1353.0	5011.0	4779.0	1109.0	6460.0	7651.0	6356.0	4257.0	5663.0	284.0	550.0	403.0	2938.0	96633.9	1185068.0	1623664.192153
sub-0016045	956.0	625.0	2457.0	1710.0	357.0	3333.0	3652.0	3726.0	993.0	4438.0	3204.0	2992.0	2050.0	3370.0	696.0	1279.0	1530.0	887.0	1621.0	1496.0	3495.0	1382.0	4748.0	3899.0	860.0	6258.0	7817.0	6262.0	4191.0	4364.0	356.0	440.0	452.0	2259.0	88154.5	1047801.0	1385082.526708
sub-8191384	1177.0	596.0	2337.0	1438.0	470.0	3094.0	4213.0	3257.0	997.0	4938.0	2612.0	2739.0	1650.0	3429.0	596.0	1410.0	2001.0	789.0	1494.0	1289.0	4662.0	1154.0	4899.0	3932.0	899.0	4946.0	6997.0	5247.0	4053.0	3615.0	303.0	509.0	552.0	2412.0	84703.8	1128683.0	1497598.583188
sub-1481430	1420.0	846.0	2545.0	1759.0	519.0	3828.0	5519.0	4785.0	1242.0	6418.0	3701.0	3872.0	2126.0	4847.0	823.0	1737.0	2409.0	1018.0	2049.0	1481.0	4723.0	1606.0	5474.0	4797.0	1017.0	6481.0	9630.0	6086.0	5294.0	5624.0	323.0	538.0	554.0	3075.0	108168.0	1388274.0	1843595.471018
sub-0025009	932.0	700.0	2358.0	1644.0	420.0	3546.0	5756.0	4049.0	1346.0	7034.0	3595.0	4166.0	2271.0	3847.0	904.0	1635.0	2500.0	986.0	2110.0	1487.0	5307.0	1513.0	5183.0	4559.0	932.0	7803.0	9142.0	5744.0	5286.0	6219.0	340.0	576.0	710.0	3209.0	107809.0	1425211.0	1949827.897729
sub-0021006	795.0	994.0	2934.0	1680.0	482.0	3026.0	5165.0	4250.0	1310.0	5705.0	3202.0	4367.0	2178.0	3556.0	538.0	1546.0	1679.0	788.0	1276.0	1816.0	4355.0	1354.0	5027.0	4674.0	1032.0	5911.0	7545.0	7068.0	4287.0	4583.0	268.0	497.0	655.0	2585.0	97129.2	1180522.0	1575212.388142
sub-0015008	1076.0	779.0	2337.0	1739.0	479.0	3625.0	5187.0	3529.0	1287.0	6125.0	3223.0	4048.0	1884.0	3611.0	738.0	1502.0	1914.0	905.0	1785.0	1997.0	4810.0	1493.0	5358.0	4480.0	945.0	7315.0	8832.0	6240.0	5271.0	3830.0	370.0	478.0	698.0	2505.0	100395.0	1204403.0	1591369.815205
sub-0015037	965.0	770.0	2107.0	1673.0	567.0	3090.0	4237.0	3389.0	1154.0	4774.0	3208.0	3646.0	1914.0	3548.0	737.0	1332.0	2102.0	954.0	1521.0	1783.0	4594.0	1441.0	5326.0	4038.0	984.0	5436.0	7737.0	5700.0	4681.0	5309.0	295.0	513.0	654.0	3215.0	93393.4	1256135.0	1677088.163487
sub-0021030	1492.0	797.0	2121.0	1943.0	420.0	3419.0	5555.0	4155.0	1325.0	6101.0	3177.0	3627.0	1920.0	3916.0	850.0	1617.0	1754.0	835.0	1837.0	2018.0	4981.0	1405.0	4810.0	5197.0	1019.0	7814.0	8827.0	6388.0	4414.0	3933.0	351.0	571.0	572.0	2554.0	101713.0	1230447.0	1655228.707656
sub-0010119	857.0	968.0	1575.0	1105.0	451.0	3324.0	4565.0	3732.0	892.0	5273.0	2046.0	2477.0	1541.0	3182.0	623.0	1951.0	1804.0	635.0	1593.0	968.0	3078.0	1266.0	4802.0	3712.0	849.0	7227.0	8185.0	4446.0	3997.0	2354.0	328.0	508.0	482.0	2456.0	83252.8	1095413.0	1554457.586446
sub-0021008	1159.0	544.0	2660.0	1479.0	367.0	3096.0	4445.0	3411.0	992.0	4595.0	2205.0	2562.0	1583.0	2989.0	626.0	1367.0	1604.0	656.0	1216.0	1045.0	4549.0	1302.0	5048.0	3741.0	887.0	6120.0	7614.0	5731.0	4060.0	3954.0	293.0	453.0	461.0	2484.0	85297.2	1090455.0	1501891.030372
sub-0015030	1071.0	790.0	2362.0	1678.0	448.0	3296.0	5013.0	4410.0	1046.0	5320.0	2886.0	2917.0	2115.0	4561.0	692.0	1301.0	1596.0	736.0	1456.0	1351.0	4375.0	1296.0	4833.0	3340.0	951.0	6278.0	8498.0	4797.0	4031.0	4403.0	362.0	500.0	407.0	2705.0	91820.7	1179397.0	1633118.268749
sub-0010126	964.0	897.0	2526.0	2080.0	512.0	3822.0	5033.0	4284.0	1479.0	5878.0	3091.0	3489.0	1967.0	3826.0	707.0	1795.0	1991.0	821.0	1646.0	1712.0	5163.0	1505.0	5187.0	5611.0	967.0	6371.0	8677.0	7763.0	4862.0	4423.0	279.0	582.0	481.0	2855.0	103247.0	1290726.0	1726140.211001
sub-4221029	1153.0	699.0	2432.0	1661.0	607.0	3758.0	5598.0	3794.0	1058.0	5653.0	3177.0	3791.0	2127.0	3632.0	885.0	1156.0	2815.0	879.0	2138.0	1609.0	3556.0	1455.0	5588.0	4412.0	1144.0	7662.0	8254.0	5132.0	4580.0	3525.0	336.0	617.0	478.0	2880.0	98240.5	1257421.0	1779907.781906
sub-4079254	1001.0	911.0	2492.0	1849.0	490.0	3601.0	5525.0	3560.0	1112.0	5916.0	3385.0	3778.0	2238.0	3288.0	671.0	1750.0	1961.0	904.0	1508.0	1626.0	5260.0	1734.0	5530.0	4328.0	1111.0	6850.0	8762.0	7081.0	4467.0	4163.0	403.0	492.0	593.0	2671.0	101012.0	1203121.0	1604969.52203
sub-0016086	1186.0	889.0	2923.0	1489.0	538.0	3798.0	4874.0	3815.0	1386.0	5230.0	3331.0	3199.0	2108.0	3938.0	705.0	1292.0	1871.0	941.0	1598.0	1414.0	4832.0	1575.0	5489.0	4102.0	1114.0	6767.0	7740.0	6144.0	4947.0	4580.0	348.0	540.0	574.0	3114.0	98390.0	1276094.0	1716478.419675
sub-0023026	1019.0	293.0	1842.0	1505.0	505.0	2742.0	5434.0	3251.0	909.0	4277.0	2697.0	2913.0	1670.0	3228.0	679.0	1306.0	1666.0	726.0	1541.0	1377.0	4171.0	820.0	4455.0	3775.0	431.0	5036.0	6568.0	5837.0	3829.0	3672.0	268.0	446.0	424.0	2710.0	82022.9	1019020.0	1377699.454814
sub-0010036	1303.0	712.0	2518.0	1621.0	342.0	2923.0	5588.0	3339.0	1062.0	5468.0	2226.0	3591.0	1709.0	3522.0	739.0	1780.0	1480.0	597.0	1157.0	1657.0	4502.0	1275.0	4753.0	4301.0	963.0	5627.0	8215.0	5736.0	3806.0	3894.0	274.0	424.0	418.0	2305.0	89827.6	1116463.0	1558252.379391
sub-7504392	840.0	716.0	2333.0	1269.0	527.0	2987.0	4415.0	3461.0	858.0	3767.0	2444.0	2156.0	1822.0	3100.0	618.0	1155.0	1565.0	699.0	1202.0	1001.0	3767.0	1277.0	4456.0	3736.0	837.0	4878.0	6492.0	5673.0	3378.0	3361.0	249.0	464.0	451.0	2093.0	78047.5	983604.0	1356207.161938
sub-9956994	1244.0	1011.0	2826.0	1602.0	579.0	3260.0	4669.0	4257.0	1067.0	4568.0	2963.0	3053.0	2227.0	3670.0	637.0	1441.0	1574.0	760.0	1150.0	1772.0	4594.0	1373.0	5197.0	4254.0	898.0	5451.0	7210.0	6471.0	3642.0	5041.0	275.0	566.0	441.0	2161.0	91903.1	1133814.0	1529725.850146
sub-0027011	1288.0	978.0	2891.0	1370.0	615.0	3724.0	5677.0	4600.0	1445.0	5636.0	3424.0	3173.0	2452.0	4248.0	929.0	1943.0	2217.0	968.0	1870.0	1166.0	4784.0	1480.0	6333.0	4689.0	1239.0	8663.0	9596.0	6262.0	5243.0	5761.0	392.0	658.0	590.0	3102.0	109408.0	1427532.0	2031015.44529
sub-0010038	908.0	609.0	2300.0	1692.0	517.0	3495.0	4662.0	4106.0	1097.0	5505.0	2640.0	2893.0	2138.0	3512.0	651.0	1564.0	1725.0	675.0	1458.0	1419.0	4497.0	1271.0	5262.0	4561.0	729.0	5908.0	7166.0	6586.0	4443.0	5513.0	318.0	525.0	633.0	2493.0	93469.9	1133112.0	1526248.004289
sub-0027018	1790.0	655.0	2465.0	1301.0	573.0	3191.0	5474.0	4345.0	1030.0	5175.0	3143.0	2832.0	2356.0	4256.0	823.0	1565.0	2209.0	842.0	1493.0	1069.0	5706.0	1374.0	5774.0	3903.0	1115.0	6210.0	9156.0	5772.0	5888.0	5172.0	330.0	611.0	474.0	2495.0	100566.0	1261975.0	1765637.401198
sub-0010007	776.0	658.0	2483.0	1634.0	429.0	2619.0	5041.0	3537.0	1182.0	5544.0	3169.0	3514.0	1947.0	3235.0	516.0	1562.0	2015.0	898.0	1405.0	1748.0	4189.0	1415.0	4751.0	4377.0	807.0	5444.0	7528.0	5950.0	4205.0	4075.0	287.0	436.0	446.0	2565.0	90389.8	1125175.0	1497749.427796
sub-4919979	1258.0	711.0	2956.0	1817.0	659.0	4423.0	5488.0	4169.0	1276.0	6492.0	3523.0	3975.0	2453.0	3761.0	780.0	2179.0	1824.0	1016.0	1749.0	1728.0	6122.0	1315.0	5951.0	5692.0	1158.0	7362.0	9373.0	7681.0	4762.0	7154.0	357.0	676.0	582.0	2624.0	113048.0	1342600.0	1863231.176475
sub-0027020	1162.0	703.0	2148.0	1328.0	518.0	3311.0	4300.0	3202.0	835.0	4980.0	3093.0	2904.0	2088.0	3253.0	636.0	1369.0	1583.0	665.0	1128.0	1427.0	4082.0	1064.0	4893.0	4102.0	964.0	5217.0	7804.0	5361.0	4031.0	4513.0	307.0	514.0	503.0	2344.0	86329.7	1024536.0	1445331.857195
sub-0010054	1298.0	715.0	2351.0	1186.0	467.0	3026.0	4416.0	3244.0	775.0	5136.0	2620.0	2477.0	1966.0	3124.0	690.0	1238.0	1568.0	630.0	1269.0	1185.0	3750.0	1060.0	4445.0	3033.0	823.0	5752.0	5974.0	5019.0	3342.0	3144.0	317.0	568.0	393.0	2207.0	79209.2	1023434.0	1388663.615455
sub-4529116	1123.0	821.0	2221.0	1258.0	476.0	3942.0	4727.0	3558.0	1088.0	5047.0	2915.0	2885.0	1765.0	3730.0	652.0	1425.0	1597.0	715.0	1476.0	1422.0	4816.0	1230.0	5098.0	4349.0	956.0	5864.0	8063.0	6179.0	4751.0	4866.0	360.0	420.0	519.0	2743.0	93056.0	1102594.0	1475677.76461
sub-0010091	1205.0	953.0	2325.0	1806.0	517.0	3534.0	5550.0	3675.0	1302.0	5338.0	2756.0	3673.0	2194.0	3221.0	653.0	1477.0	1685.0	863.0	1386.0	1638.0	4537.0	1433.0	5494.0	4962.0	1068.0	6205.0	6796.0	6864.0	4496.0	4209.0	357.0	525.0	487.0	2196.0	95378.9	1144122.0	1601842.314137
sub-0010096	1332.0	839.0	2838.0	1808.0	482.0	3451.0	5198.0	4217.0	1161.0	5289.0	3166.0	3377.0	2324.0	3812.0	789.0	1557.0	1505.0	855.0	1587.0	1799.0	4729.0	1573.0	5612.0	4176.0	1118.0	7501.0	9706.0	5642.0	5056.0	4995.0	303.0	528.0	620.0	3223.0	102170.0	1292306.0	1758056.436789
sub-0010062	918.0	591.0	2855.0	1387.0	493.0	3821.0	5373.0	4437.0	1227.0	5096.0	3073.0	3041.0	2052.0	4019.0	822.0	1520.0	1862.0	855.0	1682.0	1557.0	4425.0	1349.0	5572.0	5324.0	835.0	6176.0	8618.0	6979.0	4820.0	4801.0	376.0	569.0	533.0	3242.0	100301.0	1328274.0	1814577.647404
sub-3993793	1453.0	838.0	2306.0	1735.0	526.0	3750.0	5571.0	4440.0	1695.0	6403.0	2937.0	4099.0	2369.0	4115.0	663.0	1497.0	1785.0	781.0	1846.0	1956.0	5390.0	2027.0	5443.0	5275.0	857.0	7882.0	9594.0	7203.0	4888.0	5714.0	386.0	650.0	605.0	2653.0	109331.0	1273226.0	1708691.2596
sub-0010039	1066.0	736.0	2593.0	1364.0	432.0	3130.0	5537.0	3815.0	861.0	5885.0	2640.0	3008.0	2154.0	4136.0	622.0	1574.0	1749.0	795.0	1064.0	1261.0	3887.0	1188.0	5378.0	4478.0	882.0	6108.0	8410.0	5715.0	4746.0	3457.0	356.0	357.0	519.0	2589.0	92493.8	1140274.0	1541011.568546
sub-5669389	1152.0	846.0	2897.0	1645.0	333.0	3719.0	5085.0	4786.0	1211.0	6472.0	3323.0	3424.0	1936.0	3961.0	733.0	1381.0	1745.0	942.0	1743.0	1599.0	5056.0	1369.0	5742.0	4667.0	1102.0	7661.0	7533.0	6389.0	4675.0	4690.0	359.0	543.0	559.0	2785.0	102064.0	1304314.0	1745281.460326
sub-8697774	916.0	1044.0	1711.0	1496.0	342.0	2521.0	3833.0	2408.0	1057.0	5148.0	2135.0	2366.0	1765.0	2581.0	707.0	1395.0	1833.0	787.0	1699.0	1173.0	3878.0	1432.0	4440.0	3854.0	881.0	6214.0	8009.0	5374.0	4529.0	4743.0	335.0	597.0	647.0	2569.0	84420.7	1103849.0	1549892.940483
sub-0010030	1513.0	905.0	2086.0	1745.0	616.0	3272.0	5560.0	3945.0	1187.0	6513.0	2917.0	3685.0	2272.0	4119.0	721.0	1568.0	1904.0	887.0	1716.0	1805.0	5025.0	1217.0	5434.0	3962.0	1005.0	6737.0	7838.0	6344.0	4808.0	4637.0	332.0	599.0	489.0	2800.0	100168.0	1309756.0	1797263.568941
sub-9578631	1164.0	524.0	2174.0	2019.0	501.0	3902.0	6169.0	4258.0	1186.0	6080.0	2747.0	3763.0	2115.0	4242.0	837.0	1501.0	2550.0	881.0	1675.0	1960.0	5391.0	1571.0	6048.0	4978.0	894.0	6930.0	8119.0	6864.0	4962.0	6030.0	307.0	577.0	526.0	2842.0	106294.0	1276557.0	1774853.654183
sub-0010008	1034.0	550.0	1849.0	1241.0	368.0	3288.0	4397.0	3380.0	974.0	4909.0	2515.0	2771.0	1602.0	3468.0	730.0	1216.0	1774.0	741.0	1461.0	1117.0	4228.0	1107.0	4227.0	3977.0	648.0	5588.0	7793.0	5164.0	4302.0	3874.0	250.0	535.0	556.0	2251.0	83886.5	1083838.0	1478760.093827
sub-7011503	1060.0	865.0	2458.0	1747.0	423.0	3729.0	4443.0	4068.0	1378.0	6091.0	2864.0	3598.0	1966.0	3700.0	690.0	1262.0	1574.0	697.0	1383.0	1767.0	5431.0	1544.0	5207.0	4396.0	1089.0	6402.0	8744.0	5630.0	4376.0	4958.0	304.0	546.0	481.0	2850.0	97722.2	1296215.0	1703519.953413
sub-0010037	1245.0	1124.0	2111.0	1832.0	431.0	3650.0	5973.0	4390.0	1112.0	5442.0	2730.0	3682.0	2203.0	3785.0	805.0	1663.0	1643.0	805.0	1572.0	1842.0	4372.0	1638.0	4733.0	4589.0	1315.0	7205.0	9016.0	6013.0	4231.0	4124.0	363.0	549.0	466.0	2581.0	99235.3	1271891.0	1715321.010814
sub-0010063	1014.0	838.0	2437.0	1348.0	439.0	2635.0	4178.0	3180.0	1030.0	3987.0	2252.0	2852.0	1740.0	3359.0	754.0	1189.0	1611.0	599.0	1383.0	1338.0	3554.0	1539.0	4283.0	3293.0	788.0	5720.0	7319.0	5325.0	3713.0	3483.0	290.0	403.0	468.0	2114.0	80455.9	1049917.0	1417818.712448
sub-0010090	1127.0	717.0	2507.0	1769.0	383.0	3582.0	4990.0	4463.0	1065.0	6662.0	2807.0	2912.0	2308.0	3803.0	641.0	1623.0	1464.0	781.0	1262.0	1523.0	4609.0	1541.0	5365.0	4317.0	948.0	6667.0	8945.0	5490.0	4420.0	4079.0	335.0	402.0	594.0	2781.0	96882.6	1225411.0	1634515.516587
sub-4072305	948.0	693.0	2053.0	1074.0	516.0	3027.0	4366.0	3483.0	1150.0	5030.0	2533.0	2736.0	1904.0	2904.0	633.0	1509.0	1590.0	645.0	1241.0	1317.0	3586.0	1534.0	4649.0	3169.0	710.0	5116.0	6900.0	4341.0	3830.0	3726.0	289.0	382.0	428.0	2415.0	80430.1	1053586.0	1379271.315851
sub-0010064	1425.0	700.0	2171.0	1672.0	404.0	3131.0	5409.0	3613.0	1093.0	4833.0	3650.0	2812.0	2499.0	3657.0	668.0	1496.0	1562.0	1033.0	1980.0	1359.0	4295.0	1319.0	4582.0	3932.0	1031.0	6762.0	8766.0	5886.0	4350.0	4059.0	339.0	518.0	479.0	3136.0	94622.9	1306740.0	1819906.279746
sub-1418396	1309.0	981.0	2870.0	1766.0	630.0	4155.0	6032.0	4500.0	1448.0	6665.0	3989.0	3771.0	2543.0	4475.0	874.0	1593.0	1710.0	1082.0	1610.0	1705.0	5740.0	1782.0	5853.0	4559.0	1227.0	8151.0	9822.0	6475.0	4608.0	4144.0	387.0	627.0	567.0	3011.0	110661.0	1416177.0	1844866.70991
sub-0010052	1007.0	596.0	2109.0	1883.0	384.0	3044.0	4488.0	4324.0	868.0	4768.0	2907.0	3599.0	1973.0	3762.0	660.0	1621.0	1535.0	857.0	1519.0	1971.0	4034.0	1225.0	5311.0	4805.0	999.0	6890.0	8933.0	6671.0	3650.0	4381.0	279.0	608.0	463.0	2858.0	94983.5	1104744.0	1506635.301109
sub-0010099	1313.0	931.0	2633.0	1610.0	430.0	3535.0	5366.0	3958.0	1180.0	6214.0	2689.0	3441.0	2257.0	3885.0	591.0	1454.0	1343.0	752.0	1316.0	1428.0	4567.0	1717.0	5237.0	4262.0	1206.0	6961.0	7764.0	7059.0	4320.0	4749.0	355.0	544.0	484.0	2380.0	97929.6	1188422.0	1593585.983576
sub-3302025	934.0	756.0	2772.0	1266.0	392.0	3489.0	4668.0	3902.0	961.0	5490.0	3129.0	2588.0	2177.0	3770.0	626.0	1647.0	1569.0	698.0	1313.0	1158.0	4446.0	1542.0	5334.0	3987.0	933.0	6695.0	7378.0	6818.0	4249.0	4262.0	331.0	427.0	480.0	2490.0	92675.9	1102620.0	1489323.960654
