subject_id	lh.aparc.thickness	lh_bankssts_thickness	lh_caudalanteriorcingulate_thickness	lh_caudalmiddlefrontal_thickness	lh_cuneus_thickness	lh_entorhinal_thickness	lh_fusiform_thickness	lh_inferiorparietal_thickness	lh_inferiortemporal_thickness	lh_isthmuscingulate_thickness	lh_lateraloccipital_thickness	lh_lateralorbitofrontal_thickness	lh_lingual_thickness	lh_medialorbitofrontal_thickness	lh_middletemporal_thickness	lh_parahippocampal_thickness	lh_paracentral_thickness	lh_parsopercularis_thickness	lh_parsorbitalis_thickness	lh_parstriangularis_thickness	lh_pericalcarine_thickness	lh_postcentral_thickness	lh_posteriorcingulate_thickness	lh_precentral_thickness	lh_precuneus_thickness	lh_rostralanteriorcingulate_thickness	lh_rostralmiddlefrontal_thickness	lh_superiorfrontal_thickness	lh_superiorparietal_thickness	lh_superiortemporal_thickness	lh_supramarginal_thickness	lh_frontalpole_thickness	lh_temporalpole_thickness	lh_transversetemporal_thickness	lh_insula_thickness	lh_MeanThickness_thickness	BrainSegVolNotVent	eTIV
sub-0010011	2.248	2.348	2.817	2.092	2.437	2.379	2.552	2.294	2.173	2.186	2.967	2.285	2.776	2.453	2.158	2.67	2.651	3.192	2.935	1.723	2.227	2.241	2.511	2.38	2.566	2.813	3.05	2.281	2.832	2.579	3.013	2.715	2.37	2.755	2.55055	992979.0	1368395.949419
sub-6568351	2.568	2.433	3.107	2.351	2.828	2.679	2.692	2.921	2.519	2.412	2.887	2.023	2.365	2.909	2.129	2.992	3.044	3.395	2.78	1.814	2.319	2.467	2.789	2.687	2.506	2.888	3.168	2.608	2.91	2.875	2.671	2.975	2.556	2.946	2.73325	1062350.0	1411036.945659
sub-0010029	2.795	2.229	2.658	2.185	3.179	2.839	2.621	2.904	2.199	2.162	2.971	2.181	2.696	2.94	2.535	2.7	2.648	3.185	2.812	1.844	2.251	2.654	2.805	2.793	2.362	2.626	2.947	2.562	2.836	2.704	3.273	3.374	2.537	2.562	2.65106	1126028.0	1517081.108782
sub-0010027	2.676	2.193	2.576	2.312	2.968	2.598	2.772	2.667	2.299	2.417	2.792	2.317	2.725	2.889	2.472	2.7	2.615	3.283	2.644	2.019	2.305	2.57	2.583	2.761	2.609	2.617	2.825	2.587	2.583	2.845	3.2	2.615	2.287	2.546	2.62268	1061340.0	1499172.6222
sub-7333005	2.873	2.973	2.749	1.872	2.995	2.867	2.624	2.888	2.381	2.323	2.887	2.236	2.75	3.075	2.979	2.533	2.952	2.961	2.783	1.64	2.31	2.7	2.655	2.64	2.849	2.677	2.998	2.384	3.093	2.827	3.0	3.627	2.993	3.123	2.70127	1221867.0	1664237.227948
sub-0010073	2.287	1.955	2.57	1.886	2.552	2.373	2.449	2.273	2.13	1.957	2.826	2.254	2.386	2.709	2.432	2.154	2.485	2.778	2.524	1.673	1.987	2.437	2.444	2.403	2.21	2.509	2.882	2.275	2.715	2.558	2.979	2.907	2.186	2.453	2.43397	1285196.0	1714915.098625
sub-0010080	2.349	2.202	2.646	1.651	2.8	2.598	2.335	2.635	2.234	1.934	2.627	2.077	2.239	2.961	3.114	2.468	2.766	2.876	2.785	1.522	2.097	2.323	2.646	2.354	2.578	2.577	2.963	2.195	2.705	2.568	3.055	3.811	2.387	2.637	2.48244	1116192.0	1547601.309612
sub-0010042	2.601	2.16	2.648	2.081	2.796	2.702	2.577	2.771	2.303	2.145	2.65	2.096	2.398	2.84	2.224	2.514	2.596	3.023	2.72	1.715	2.228	2.281	2.531	2.533	2.142	2.529	2.873	2.348	2.685	2.628	2.754	3.451	2.694	2.51	2.52104	1304192.0	1693464.574011
sub-1177160	2.517	2.922	2.839	2.023	3.014	3.029	2.765	3.074	2.836	2.325	3.101	2.097	2.925	3.086	2.635	3.052	2.953	3.288	2.837	1.674	2.326	2.919	2.628	2.654	3.14	2.855	3.358	2.507	3.084	2.743	3.031	3.86	2.85	3.233	2.77695	1135375.0	1530173.748793
sub-4060823	2.66	1.993	2.835	1.935	2.929	2.554	2.56	2.757	2.461	2.267	2.793	2.081	2.519	2.932	2.274	2.597	2.806	3.154	2.798	1.61	2.202	2.46	2.667	2.549	2.343	2.757	3.035	2.353	2.661	2.702	3.204	3.484	2.296	2.645	2.58319	1155264.0	1541521.791743
sub-1023964	2.75	2.483	2.809	2.415	3.066	2.678	2.724	3.063	2.527	2.442	2.971	2.386	2.56	3.147	2.114	2.824	2.998	3.217	2.851	1.914	2.334	2.474	2.623	2.805	2.431	2.806	2.98	2.514	2.89	2.741	3.303	2.908	2.428	2.553	2.71312	1150402.0	1524869.286237
sub-2741068	2.907	2.301	2.945	2.23	3.227	2.705	2.735	2.851	2.624	2.334	3.097	2.226	2.402	2.872	2.393	3.042	2.795	3.379	3.011	2.134	2.32	2.396	2.806	2.73	2.436	2.786	3.082	2.624	2.637	2.832	3.198	3.221	2.81	2.764	2.70896	1232242.0	1658155.072914
sub-0010010	2.841	2.316	2.825	2.035	2.659	2.776	2.769	2.97	2.45	2.402	2.891	2.328	2.409	2.967	2.621	2.859	2.805	3.181	2.665	1.972	2.349	2.17	2.807	2.682	2.454	2.789	3.011	2.55	3.025	2.801	3.324	3.5	2.602	2.873	2.71242	1340866.0	1824002.376112
sub-2983819	2.848	2.19	2.653	2.226	3.08	2.838	2.781	2.808	2.386	2.236	3.021	2.252	2.633	3.245	2.792	2.61	3.04	3.146	3.063	1.705	2.137	2.639	2.699	2.721	2.62	2.633	2.933	2.578	3.068	2.805	3.262	3.557	2.509	2.966	2.70415	1125460.0	1520578.234291
sub-0010043	2.341	2.188	2.595	2.34	2.738	2.741	2.677	2.826	2.307	2.622	2.587	2.156	2.57	3.059	2.128	2.804	2.663	3.157	3.148	2.142	2.319	2.341	2.597	2.476	2.623	3.004	3.219	2.572	2.784	2.767	3.113	2.339	2.279	2.582	2.67252	923022.0	1299468.812469
sub-0010081	2.696	2.174	2.855	2.036	3.075	2.775	2.673	2.768	2.241	2.212	2.792	2.188	2.471	3.029	3.01	2.592	2.916	3.127	2.832	1.721	2.191	2.398	2.848	2.623	2.282	2.69	2.925	2.411	2.908	2.707	3.151	3.759	2.654	2.732	2.63862	1084831.0	1482693.87954
sub-0010075	2.582	2.339	2.755	2.395	3.281	2.616	2.654	2.915	2.429	2.266	2.866	2.209	2.298	3.017	2.325	2.75	2.626	3.057	2.71	1.853	2.063	2.451	2.712	2.596	2.173	2.579	2.878	2.449	2.914	2.568	3.113	3.083	2.361	2.749	2.59181	1204306.0	1595521.029088
sub-0010072	2.65	2.465	2.898	2.282	2.559	2.623	2.668	2.993	2.396	2.256	3.024	2.319	2.486	3.12	2.603	2.845	2.844	2.858	2.493	1.796	2.245	2.407	2.646	2.853	2.351	2.742	2.885	2.421	2.571	2.746	3.157	3.566	2.657	2.413	2.62909	1060495.0	1437928.227948
sub-6953386	2.702	2.41	2.677	1.981	3.159	2.855	2.617	2.873	2.36	2.294	2.658	2.245	2.643	3.017	2.733	2.674	2.681	2.675	2.491	1.824	2.287	2.591	2.72	2.568	2.697	2.411	2.752	2.411	2.943	2.656	2.721	3.634	2.87	3.074	2.61902	1306108.0	1745027.071629
sub-0010086	2.407	2.198	2.612	1.801	2.516	2.36	2.444	2.729	2.438	1.95	2.76	1.984	2.292	2.819	2.483	2.474	2.707	2.908	2.667	1.635	2.023	2.178	2.443	2.426	2.477	2.542	2.805	2.111	2.842	2.475	2.484	2.96	2.374	2.675	2.45042	1216064.0	1618445.038774
sub-0021029	2.691	2.394	2.775	2.137	2.959	2.654	2.649	2.707	2.552	2.195	2.894	2.183	2.33	2.837	2.483	2.778	2.746	3.056	2.686	1.794	2.31	2.365	2.636	2.654	2.519	2.675	2.943	2.381	2.751	2.68	3.254	3.037	2.474	2.819	2.59057	1205309.0	1610385.680667
sub-0015027	2.805	2.821	2.923	2.028	2.963	2.831	2.697	2.891	2.688	2.316	2.822	2.264	2.539	3.09	2.441	2.821	2.971	3.19	2.879	2.007	2.306	2.669	2.873	2.576	2.909	2.655	3.056	2.488	3.055	2.82	2.754	3.147	2.83	3.043	2.72711	1093027.0	1453695.183993
sub-8278680	2.892	2.527	2.898	2.019	2.863	2.798	2.605	2.79	2.475	2.355	2.802	2.092	2.662	2.96	2.72	2.736	2.739	2.732	2.649	1.758	2.28	2.541	2.812	2.551	2.727	2.586	2.96	2.385	3.096	2.646	2.917	3.55	2.827	2.926	2.66055	1251499.0	1701375.546748
sub-1771270	2.553	3.036	2.745	1.845	2.49	2.703	2.534	2.846	2.579	2.114	3.115	1.798	2.64	2.86	2.455	2.654	2.596	3.025	2.759	1.534	2.184	2.421	2.749	2.575	3.082	2.666	3.054	2.293	2.796	2.568	3.125	2.946	2.273	2.655	2.57551	1076727.0	1415689.788946
sub-0021027	2.581	2.499	2.707	2.17	2.632	2.659	2.874	2.509	2.62	2.246	2.867	2.184	2.513	2.754	2.17	2.723	2.821	2.872	2.868	1.881	2.14	2.548	2.667	2.621	2.687	2.686	3.152	2.51	2.804	2.713	3.098	2.642	2.509	2.578	2.62783	1102722.0	1511795.546128
sub-0010109	2.781	2.183	3.005	2.008	2.509	2.665	2.746	2.831	2.64	2.144	2.833	2.215	2.449	3.174	2.653	2.788	2.94	2.923	2.752	1.624	2.208	2.354	2.879	2.578	2.775	2.752	3.127	2.439	2.963	2.782	2.912	3.007	2.697	2.75	2.67505	1089593.0	1484032.661677
sub-5302451	2.639	2.728	2.9	2.075	3.16	2.921	2.623	2.843	2.464	2.319	2.852	2.156	2.758	2.951	2.691	2.752	2.892	2.908	2.592	1.834	2.342	2.654	2.822	2.653	3.018	2.604	3.093	2.452	2.906	2.68	2.826	3.736	2.464	3.028	2.70078	1277949.0	1699729.632546
sub-3624598	2.711	2.523	2.689	1.73	3.123	2.78	2.6	2.986	2.33	2.224	2.741	1.86	2.717	2.897	2.892	2.489	2.843	2.749	2.705	1.26	2.08	2.492	2.671	2.473	2.813	2.657	2.985	2.299	2.965	2.78	3.134	3.54	2.419	3.021	2.60439	1195024.0	1575472.222988
sub-0016053	2.933	2.668	2.872	1.928	3.013	2.823	2.646	2.994	2.355	2.152	2.918	2.06	2.65	3.103	2.867	2.568	2.8	2.977	2.799	1.491	2.272	2.488	2.683	2.548	3.183	2.61	2.949	2.511	3.004	2.731	3.032	3.31	2.565	2.714	2.66568	1275969.0	1704708.253496
sub-0021042	2.609	2.063	2.861	2.121	3.216	2.83	2.63	2.9	2.1	2.241	2.956	2.348	2.448	3.032	2.468	2.812	2.915	3.058	2.727	1.922	2.291	2.156	2.947	2.728	2.432	2.763	3.159	2.487	2.817	2.742	3.355	3.313	2.656	2.682	2.68509	1020767.0	1388498.549421
sub-2950754	2.687	2.581	2.725	1.998	2.815	2.789	2.637	2.894	2.631	2.234	2.706	2.252	2.513	3.062	2.662	2.673	2.894	2.84	2.663	1.946	2.274	2.674	2.695	2.596	2.699	2.528	2.966	2.447	2.929	2.598	2.818	3.193	2.586	2.984	2.63944	1412537.0	1902704.11979
sub-1050345	2.481	2.634	2.728	1.904	3.108	2.819	2.673	2.986	2.435	2.203	2.963	1.836	2.711	2.977	2.836	2.617	2.965	2.983	2.804	1.407	2.056	2.948	2.626	2.671	2.769	2.664	3.086	2.429	2.927	2.665	3.411	3.794	2.026	2.979	2.65717	1277708.0	1709217.929732
sub-3048588	2.686	2.341	2.575	1.964	2.879	2.655	2.568	2.895	2.45	2.156	2.678	1.987	2.495	2.887	2.401	2.618	2.671	2.708	2.381	1.803	2.269	2.385	2.601	2.418	2.878	2.435	2.754	2.305	2.845	2.701	2.769	2.902	2.516	2.896	2.53299	1184958.0	1656531.564508
sub-0015042	2.698	2.499	2.903	2.043	2.735	2.772	2.68	2.707	2.637	2.254	2.892	2.239	2.734	2.98	2.775	2.728	2.833	3.008	2.869	1.833	2.197	2.531	2.76	2.634	2.834	2.718	3.05	2.462	2.805	2.708	2.886	3.237	2.529	3.051	2.67401	1086637.0	1442467.506671
sub-0015021	3.132	2.641	2.943	2.184	2.836	3.094	2.765	2.944	2.423	2.424	3.068	2.366	2.907	3.046	3.178	2.871	2.941	3.2	2.859	2.026	2.303	2.67	2.81	2.838	3.298	2.755	3.219	2.632	3.166	2.87	3.354	3.716	2.938	3.177	2.8242	1122331.0	1487571.714336
sub-0021021	2.457	2.203	2.872	1.9	2.916	2.612	2.497	2.767	2.373	2.097	2.797	2.078	2.341	2.917	2.396	2.468	2.753	2.911	2.785	1.465	2.251	2.439	2.624	2.381	2.197	2.576	2.887	2.313	2.663	2.709	3.235	3.445	2.718	2.726	2.54385	1429437.0	1970358.063935
sub-0010106	2.588	2.097	2.913	1.952	2.849	2.659	2.452	2.771	2.343	2.28	2.822	2.193	2.317	2.879	2.611	2.841	2.623	3.33	2.839	1.607	2.129	2.526	2.666	2.541	2.222	2.728	3.118	2.427	2.721	2.657	3.073	2.989	1.954	2.653	2.59508	1095515.0	1476499.466927
sub-0021017	2.392	2.449	2.918	1.962	2.76	2.788	2.683	2.871	2.446	2.222	2.876	2.132	2.869	2.965	2.221	2.702	2.614	3.111	2.897	1.59	2.145	2.469	2.73	2.592	2.537	2.66	3.075	2.461	2.95	2.922	2.968	3.538	2.12	2.593	2.64761	1005598.0	1391376.711812
sub-0021028	2.635	2.639	2.905	2.112	2.835	2.494	2.722	2.835	2.599	2.199	2.766	2.188	2.47	3.004	2.296	2.726	2.74	3.084	2.863	1.807	2.211	2.236	2.662	2.629	2.161	2.722	2.996	2.488	2.665	2.816	3.185	3.573	2.32	2.687	2.6192	1103441.0	1469681.542102
sub-0015017	2.733	2.4	2.817	2.213	3.019	2.795	2.571	2.735	2.41	2.366	2.935	2.239	2.631	2.788	2.869	2.562	2.796	2.928	2.733	1.891	2.347	2.603	2.746	2.571	2.96	2.795	3.016	2.433	2.942	2.592	3.249	3.651	2.855	3.155	2.66765	1265451.0	1683462.517017
sub-0010101	2.667	2.22	2.914	1.903	2.736	2.611	2.773	2.686	2.736	2.182	2.814	2.051	2.469	2.924	2.678	2.793	2.845	2.829	2.722	1.617	2.081	2.94	2.662	2.645	2.187	2.677	3.16	2.433	2.838	2.688	2.911	3.633	1.924	2.634	2.61673	1016426.0	1361463.329523
sub-0015028	2.734	2.745	2.843	2.298	2.735	2.919	2.644	2.752	2.569	2.424	2.834	2.369	2.569	2.892	3.077	2.956	2.915	2.863	2.761	2.081	2.531	2.578	2.854	2.62	2.942	2.713	3.067	2.574	2.996	2.848	2.977	3.433	2.818	3.33	2.75202	1216908.0	1608083.012364
sub-1093743	2.757	2.96	2.771	2.132	3.037	2.675	2.64	2.782	2.619	2.318	2.866	2.148	2.579	3.041	2.459	2.708	2.892	2.904	2.668	1.752	2.163	2.761	2.755	2.672	2.958	2.603	2.999	2.458	2.978	2.652	2.849	3.505	2.734	3.116	2.67592	1295960.0	1778402.941974
sub-0015043	2.569	2.606	2.819	1.798	2.899	2.846	2.644	2.854	2.492	2.202	2.839	2.109	2.629	2.956	2.773	2.649	2.951	2.938	2.834	1.562	2.1	2.591	2.756	2.577	3.248	2.562	3.023	2.335	3.069	2.684	2.719	3.714	2.998	3.129	2.65665	1207090.0	1621639.08197
sub-0015044	2.714	2.812	2.777	2.109	2.743	2.83	2.711	2.803	2.669	2.2	2.969	2.335	2.675	2.939	3.049	2.724	2.798	2.9	2.728	1.808	2.422	2.684	2.754	2.676	3.037	2.67	2.98	2.507	3.027	2.756	3.141	3.433	2.69	3.126	2.69844	1174011.0	1562057.682792
sub-0016055	2.601	2.551	2.739	2.16	2.968	2.747	2.68	2.826	2.366	2.332	2.94	2.201	2.682	2.851	2.633	2.573	2.86	2.902	2.808	1.82	2.272	2.541	2.721	2.618	3.291	2.582	2.878	2.481	2.766	2.667	2.127	3.248	2.408	3.096	2.63466	1251152.0	1696909.571707
sub-6115230	2.655	2.562	2.652	2.066	3.127	2.741	2.549	2.804	2.426	2.245	2.79	2.006	2.525	2.836	2.704	2.49	2.818	2.974	2.603	1.63	2.278	2.482	2.566	2.454	3.047	2.473	2.843	2.292	2.852	2.67	2.662	2.939	2.608	2.921	2.56106	1008110.0	1377092.159782
sub-4241194	2.562	2.667	2.703	1.914	2.95	2.714	2.601	2.827	2.432	2.113	2.749	1.976	2.614	2.943	2.62	2.485	2.782	2.993	2.841	1.474	2.003	2.312	2.616	2.43	2.618	2.57	2.914	2.234	2.819	2.707	3.087	3.209	2.331	2.96	2.54818	1263079.0	1773765.983906
sub-4136226	2.636	2.697	2.608	1.903	2.843	2.895	2.777	2.949	2.472	2.287	2.966	2.149	2.774	3.111	2.701	2.622	3.005	2.954	3.046	1.65	2.112	2.723	2.573	2.652	2.943	2.835	3.167	2.464	2.924	2.728	3.44	3.901	2.342	3.178	2.68961	1117600.0	1497685.188161
sub-1875013	2.642	2.522	2.79	2.064	3.051	2.71	2.583	2.696	2.267	2.242	2.661	2.218	2.508	3.008	2.494	2.518	2.711	2.842	2.624	2.059	2.208	2.385	2.755	2.43	2.803	2.592	2.861	2.334	2.702	2.603	2.784	3.284	2.657	3.096	2.58284	1208612.0	1648608.820107
sub-0010123	2.376	2.188	2.476	1.967	3.058	2.515	2.404	2.537	2.289	2.184	2.744	2.127	2.487	2.812	2.448	2.714	2.643	2.853	2.674	2.037	2.309	2.51	2.477	2.432	2.533	2.551	2.995	2.256	2.913	2.465	2.833	3.509	2.104	2.604	2.52329	1156741.0	1627189.912081
sub-0015035	2.766	2.476	2.723	2.051	2.853	2.742	2.697	2.828	2.567	2.315	2.647	2.124	2.569	3.042	2.692	2.671	2.748	2.741	2.619	1.983	2.241	2.677	2.725	2.676	2.915	2.541	2.929	2.468	2.819	2.76	2.852	3.642	2.737	3.005	2.64898	1317284.0	1725485.907189
sub-0025002	2.635	2.399	2.646	2.11	2.79	2.701	2.602	2.845	1.953	2.166	2.666	2.04	2.48	2.995	2.615	2.419	2.651	2.567	2.336	1.657	2.032	2.026	2.498	2.458	2.824	2.372	2.73	2.276	2.954	2.503	2.336	3.151	2.47	2.904	2.48485	1353340.0	1892613.442741
sub-8409791	2.581	2.329	2.736	2.076	2.585	2.688	2.713	2.599	2.435	2.361	2.748	2.231	2.585	2.453	2.148	2.511	2.779	2.912	2.658	1.69	2.363	2.431	2.714	2.555	2.826	2.518	2.835	2.5	2.779	2.728	2.87	3.261	2.762	3.031	2.60493	1313480.0	1794897.325611
sub-0021035	2.681	2.268	2.505	2.028	2.769	2.589	2.655	2.753	2.369	2.211	2.887	2.155	2.572	2.939	2.21	2.476	2.702	3.018	2.641	1.766	2.218	2.315	2.622	2.616	2.422	2.508	2.944	2.44	2.939	2.623	2.921	3.453	2.53	2.693	2.58254	1257435.0	1714602.740092
sub-0015004	2.811	2.882	2.899	1.995	2.738	2.803	2.697	2.807	2.71	2.347	2.939	2.37	2.834	3.06	2.829	2.816	2.867	2.901	2.818	1.749	2.405	2.789	2.714	2.776	3.388	2.823	3.067	2.489	2.987	2.846	3.14	3.395	2.922	3.082	2.73873	1111055.0	1500912.205862
sub-4219416	2.952	2.659	3.008	2.153	2.689	2.961	2.788	2.909	2.753	2.433	2.844	2.44	2.794	3.029	2.893	2.977	3.012	2.839	2.765	1.811	2.533	2.701	2.78	2.815	3.088	2.776	3.258	2.546	3.174	3.018	2.945	3.258	2.972	2.953	2.82562	1003713.0	1355248.567302
sub-0010115	2.592	2.333	2.953	1.958	3.098	2.632	2.574	2.684	2.183	2.097	2.951	2.218	2.544	2.749	2.472	2.656	2.806	3.17	2.654	1.66	2.042	2.33	2.845	2.636	2.582	2.613	3.086	2.429	2.959	2.723	3.121	3.57	2.321	2.723	2.61004	1103559.0	1471947.972271
sub-0016047	2.467	2.507	2.612	1.992	2.746	2.602	2.543	2.82	2.31	2.149	2.615	2.059	2.463	2.759	2.761	2.499	2.708	2.623	2.651	1.669	2.243	2.379	2.565	2.453	2.852	2.474	2.658	2.314	2.662	2.537	3.409	3.698	2.351	3.046	2.49758	1216760.0	1586231.168623
sub-0016078	2.618	2.439	2.753	2.113	2.836	2.704	2.549	2.849	2.312	2.257	2.723	2.099	2.585	2.882	2.858	2.619	2.937	2.909	2.659	1.809	2.381	2.44	2.803	2.535	2.719	2.477	2.962	2.348	2.987	2.769	2.729	3.774	2.561	3.068	2.63604	1268986.0	1721061.725067
sub-0015051	2.572	2.467	2.726	2.015	2.759	2.735	2.648	2.618	2.469	2.273	2.792	2.231	2.639	2.663	2.96	2.763	2.903	2.699	2.76	1.825	2.364	2.478	2.525	2.601	3.093	2.661	2.987	2.445	2.761	2.751	3.329	2.592	2.593	3.015	2.61466	1126703.0	1530940.525974
sub-0016071	2.598	2.244	2.696	1.945	2.951	2.613	2.574	2.861	2.527	2.126	2.689	1.953	2.29	2.869	2.81	2.542	2.681	2.973	2.552	1.756	2.241	2.347	2.63	2.432	2.653	2.467	2.848	2.304	2.694	2.682	2.553	3.459	2.446	2.853	2.5258	948276.0	1317789.755209
sub-0010113	2.452	2.295	2.901	1.771	3.019	2.654	2.436	2.858	2.367	2.068	2.7	2.111	2.607	2.76	2.465	2.663	2.582	2.94	2.698	1.6	2.211	2.418	2.771	2.427	2.664	2.539	2.919	2.193	2.78	2.693	2.904	3.697	2.718	2.667	2.5349	1034040.0	1391994.539692
sub-0015005	2.648	2.686	2.911	2.059	2.969	2.673	2.673	2.898	2.279	2.418	2.801	2.209	2.551	2.976	2.655	2.841	2.782	2.892	2.554	1.713	2.335	2.644	2.874	2.627	2.757	2.54	3.001	2.522	2.906	2.713	2.82	3.897	2.563	2.986	2.68236	1183397.0	1575049.332783
sub-6500128	2.691	2.504	2.618	2.195	3.488	2.996	2.617	2.93	2.555	2.313	2.732	2.268	2.631	2.996	2.378	2.662	2.828	2.715	2.733	1.826	2.198	2.481	2.706	2.587	2.714	2.636	2.876	2.436	2.903	2.704	3.029	2.995	2.366	3.09	2.64845	1232524.0	1670135.243421
sub-0015033	2.794	2.44	2.738	2.197	2.91	2.785	2.641	2.766	2.569	2.45	2.916	2.268	2.631	3.164	2.866	2.797	2.839	2.778	2.701	1.646	2.457	2.523	2.837	2.694	3.163	2.598	2.929	2.585	3.005	2.799	3.03	3.684	2.895	3.05	2.71948	1238831.0	1652957.269183
sub-0010122	2.407	2.222	2.817	1.864	2.836	2.611	2.539	2.662	2.381	2.211	2.903	2.085	2.574	2.951	2.742	2.524	2.822	2.849	2.792	1.675	2.284	2.181	2.793	2.468	2.64	2.654	3.046	2.235	2.961	2.621	3.22	3.606	2.334	2.684	2.58201	1415759.0	1938744.631428
sub-0015034	2.814	2.801	2.913	2.283	2.955	2.769	2.729	2.655	2.524	2.324	2.841	2.289	2.632	3.028	3.091	2.767	2.894	2.949	2.821	1.993	2.294	2.708	2.718	2.666	3.233	2.734	3.045	2.48	3.0	2.875	3.053	4.085	2.585	3.194	2.72702	1270118.0	1679829.896004
sub-0010050	2.339	2.414	2.675	2.026	3.023	2.618	2.417	2.705	2.397	2.073	2.72	2.026	2.527	2.857	2.378	2.576	2.76	2.445	2.82	1.704	1.968	2.57	2.504	2.407	2.581	2.523	2.865	2.152	2.851	2.466	2.856	3.198	2.127	2.474	2.4857	1152329.0	1590464.237683
sub-0010068	2.371	2.508	2.839	2.108	2.711	2.53	2.71	2.545	2.529	2.228	2.656	2.228	2.835	2.874	2.588	2.801	2.718	3.236	2.7	1.985	2.247	2.716	2.748	2.75	2.56	2.851	3.083	2.473	2.665	2.661	3.7	2.965	2.287	2.735	2.64386	1414846.0	1902804.70146
sub-1404738	2.622	2.716	2.701	1.766	2.819	2.807	2.772	2.917	2.609	2.298	2.965	1.998	2.386	2.883	2.4	2.652	2.871	3.008	2.902	1.582	2.189	2.875	2.659	2.527	2.726	2.696	2.937	2.467	3.119	2.686	3.556	3.649	2.87	2.767	2.65132	1134805.0	1515856.960945
sub-9750701	2.239	2.096	2.826	1.826	2.934	2.763	2.667	3.007	2.468	2.17	2.953	2.15	2.553	3.128	2.455	2.867	2.806	3.111	2.796	1.653	2.127	2.248	2.81	2.656	2.313	2.683	3.041	2.435	2.861	2.734	3.216	3.337	2.499	2.62	2.64057	1037746.0	1406548.831224
sub-4116166	2.878	2.338	2.752	2.153	2.791	2.666	2.765	2.83	2.401	2.312	2.96	2.19	2.688	3.052	2.299	2.754	2.848	3.105	2.725	1.721	2.346	2.349	2.678	2.595	2.705	2.673	2.948	2.463	2.889	2.859	3.27	3.355	3.013	2.712	2.65685	1245687.0	1645875.805036
sub-0010092	2.465	2.485	2.34	1.902	2.362	2.16	2.349	2.32	2.274	2.151	2.457	2.093	2.481	2.565	2.317	2.433	2.594	2.51	2.581	1.799	2.013	2.405	2.385	2.404	2.587	2.435	2.872	2.063	2.527	2.564	3.282	2.726	2.014	2.337	2.36642	1053362.0	1517329.866762
sub-0010035	2.999	2.246	2.623	2.249	2.646	2.796	2.729	2.873	2.517	2.335	2.845	2.214	2.388	3.055	2.532	2.753	2.803	2.903	2.735	2.05	2.409	2.378	2.665	2.772	2.365	2.625	2.953	2.502	2.633	2.789	3.113	2.76	2.549	2.713	2.65516	1183507.0	1552151.415442
sub-0010003	2.237	2.092	2.546	2.343	2.152	2.365	2.656	2.415	2.535	2.35	2.191	2.411	2.133	2.392	2.293	2.669	2.549	2.651	2.743	2.144	2.057	2.206	2.319	2.375	2.553	2.539	3.004	2.391	2.299	2.581	2.202	1.957	1.858	2.147	2.43109	759617.0	1201864.098078
sub-0010004	2.494	2.452	2.674	1.93	2.402	2.733	2.561	2.599	2.532	2.114	2.789	2.137	2.635	2.878	2.996	2.326	2.976	2.924	2.688	1.585	2.126	2.587	2.745	2.498	2.721	2.791	3.161	2.193	2.722	2.719	3.185	2.94	2.278	2.541	2.56711	903754.0	1259168.465611
sub-0010093	2.568	2.28	2.816	1.973	2.833	2.635	2.602	2.834	2.645	2.11	2.951	1.97	2.577	2.97	2.292	2.721	2.865	3.309	2.891	1.952	2.099	2.43	2.676	2.508	2.595	2.726	3.116	2.364	2.945	2.748	2.817	3.376	2.682	2.716	2.62527	955930.0	1294989.833168
sub-0010067	2.328	1.991	2.703	2.045	1.714	2.399	2.493	2.419	2.91	2.405	2.466	1.901	2.191	2.574	2.373	2.755	2.454	2.683	2.72	2.019	2.416	2.534	2.663	2.555	2.335	2.628	2.876	2.381	2.489	2.474	2.826	2.277	2.462	2.425	2.49609	944013.0	1726074.940603
sub-0010058	2.649	2.437	2.539	1.691	3.173	2.602	2.442	2.636	2.223	2.127	2.744	2.056	2.365	2.875	2.298	2.623	2.817	2.751	2.455	1.463	2.284	2.52	2.708	2.534	2.506	2.433	2.87	2.322	2.9	2.703	2.69	3.136	2.367	2.606	2.52742	1256986.0	1691810.102852
sub-8387093	2.252	2.477	2.575	1.946	2.937	2.704	2.589	2.837	2.384	2.271	2.653	2.102	2.467	2.665	2.656	2.349	2.655	2.736	2.385	1.585	2.311	2.33	2.57	2.403	2.878	2.392	2.786	2.323	2.621	2.604	2.936	3.081	2.289	3.021	2.51913	1229006.0	1701362.261925
sub-4084645	2.658	1.798	2.787	1.933	2.79	2.657	2.598	2.74	2.385	2.27	2.797	2.175	2.317	2.966	2.096	3.103	2.694	2.591	2.735	1.669	2.267	2.046	2.747	2.618	2.376	2.851	3.156	2.384	2.682	2.659	2.564	2.813	2.389	2.714	2.60275	952315.0	1306681.008353
sub-0010069	2.666	2.356	2.59	1.997	2.934	2.53	2.562	2.764	2.304	2.112	2.741	1.961	2.309	3.004	2.536	2.575	2.702	2.845	2.634	1.85	2.127	2.513	2.719	2.429	2.343	2.529	2.817	2.284	2.88	2.49	2.747	2.733	2.362	2.657	2.49922	1338835.0	1864284.398864
sub-0010051	2.539	2.255	2.711	2.08	3.163	2.738	2.642	2.717	2.31	2.119	2.831	2.241	2.492	3.025	2.591	2.609	2.734	3.067	2.721	1.78	2.244	2.258	2.694	2.631	2.326	2.561	2.869	2.406	3.05	2.692	2.938	3.567	2.808	2.586	2.59792	1266001.0	1681064.043103
sub-0010005	2.271	2.222	2.744	2.258	2.021	2.216	2.505	2.317	2.327	2.157	2.7	2.124	2.573	2.563	2.078	2.798	2.807	2.466	2.502	2.071	2.324	2.171	2.631	2.355	2.516	2.719	3.009	2.313	2.653	2.438	2.773	2.949	2.375	2.698	2.51823	1133062.0	1597457.188079
sub-4016887	2.624	2.673	2.835	2.184	2.845	2.762	2.706	2.927	2.437	2.341	2.865	2.089	2.617	3.053	2.359	2.962	2.848	2.941	2.79	1.932	2.438	2.591	2.862	2.808	2.949	2.695	3.157	2.618	3.045	2.847	3.273	3.891	2.733	3.236	2.76238	1289772.0	1701944.154433
sub-7407032	2.527	2.674	2.66	1.827	2.886	2.823	2.512	2.844	2.324	2.311	2.861	2.326	2.599	2.953	2.539	2.449	2.793	2.923	2.551	1.599	2.265	2.551	2.593	2.536	2.83	2.537	2.934	2.228	2.901	2.56	2.677	3.409	2.497	2.845	2.59239	1332657.0	1857824.86889
sub-0010002	2.561	1.977	2.592	1.96	2.366	2.674	2.357	2.695	2.177	2.027	2.775	2.021	2.518	2.833	2.207	2.701	2.922	2.916	2.489	1.7	2.029	2.387	2.415	2.338	2.551	2.501	2.975	2.169	2.997	2.574	3.193	3.623	2.34	2.527	2.48097	1031236.0	1411428.512144
sub-0023012	2.701	2.714	2.805	2.151	3.298	2.981	2.686	2.852	2.397	2.428	2.779	2.284	2.769	3.171	3.246	2.62	2.915	2.951	2.634	1.927	2.323	2.538	2.898	2.65	3.122	2.634	2.994	2.559	3.115	2.856	2.825	4.208	2.854	2.899	2.7504	1139467.0	1521041.460735
sub-4075719	2.365	2.529	2.678	1.82	2.871	2.621	2.621	2.906	2.457	2.108	2.789	1.926	2.449	2.846	2.435	2.473	2.647	2.678	2.638	1.551	2.088	2.459	2.563	2.463	2.865	2.644	2.921	2.418	2.861	2.613	3.124	3.175	2.351	2.876	2.54745	1269787.0	1695669.476279
sub-8915162	2.57	2.52	2.488	2.012	2.369	2.194	2.463	2.385	2.213	2.194	2.586	2.311	2.451	2.392	2.224	2.661	2.624	2.867	2.646	2.078	2.118	2.304	2.455	2.445	2.302	2.774	2.856	2.269	2.545	2.502	3.049	2.657	1.951	2.3	2.445	1248573.0	1780780.394299
sub-0010034	2.87	2.15	3.082	2.147	2.99	2.718	2.722	2.812	2.496	2.37	3.266	2.231	2.697	3.218	2.182	3.091	2.792	3.27	2.846	1.902	2.32	2.328	2.774	2.777	2.673	2.734	3.106	2.628	3.062	2.83	3.216	3.1	2.745	2.851	2.75033	1257068.0	1678430.327753
sub-0010033	2.446	2.413	2.872	1.995	3.011	2.634	2.635	2.821	2.39	2.199	2.821	2.176	2.242	2.856	2.493	2.751	2.804	3.347	2.784	1.725	2.384	2.384	2.719	2.619	2.6	2.753	2.974	2.435	2.796	2.773	3.32	3.474	2.682	2.733	2.63209	1154368.0	1555279.539642
sub-2208591	2.267	2.588	2.559	1.895	2.792	2.653	2.578	2.776	2.426	2.072	2.639	1.872	2.567	2.908	2.594	2.553	2.818	3.025	2.761	1.48	2.549	2.618	2.222	2.51	2.585	2.66	2.855	2.413	2.768	2.538	3.049	3.725	2.223	2.612	2.53316	1109198.0	1480942.964439
sub-2756846	2.404	2.516	2.709	1.87	2.597	2.647	2.549	2.782	2.272	2.298	2.74	2.016	2.452	2.599	2.424	2.486	2.782	2.785	2.527	1.707	2.158	2.336	2.657	2.437	2.822	2.492	2.894	2.202	2.533	2.531	2.768	3.194	2.288	2.911	2.51639	1111289.0	1518505.738658
sub-9499804	2.72	2.544	2.807	2.293	3.012	2.931	2.725	2.946	2.469	2.392	2.963	2.196	2.634	3.025	2.77	2.79	2.72	2.847	2.644	2.021	2.183	2.576	2.74	2.876	2.933	2.61	3.039	2.477	3.055	2.689	3.048	3.93	2.6	3.129	2.71959	1149490.0	1503711.783926
sub-0010041	2.522	2.265	2.779	2.019	2.686	2.512	2.59	2.863	2.252	2.273	2.961	2.204	2.363	2.861	1.839	2.67	2.63	3.328	2.704	1.64	2.167	2.587	2.695	2.566	2.304	2.783	3.123	2.381	2.899	2.575	3.186	3.268	2.16	2.577	2.59785	1191331.0	1605189.2844
sub-0023005	2.458	2.491	2.793	1.877	3.046	2.831	2.701	2.948	2.785	2.199	3.02	2.031	2.649	3.073	2.553	2.716	2.9	3.017	2.681	1.735	2.212	2.918	2.843	2.671	3.039	2.556	2.963	2.435	2.798	2.628	2.868	3.226	2.542	3.012	2.66123	1051706.0	1408231.421599
sub-0010015	2.398	2.055	2.538	2.034	2.356	2.109	2.581	2.379	2.251	2.178	2.822	2.046	2.494	2.652	2.187	2.51	2.928	2.422	2.573	1.913	2.083	2.096	2.493	2.386	2.313	2.546	2.724	2.301	2.696	2.572	3.24	2.511	2.112	2.459	2.4425	1126820.0	1650908.508106
sub-2074737	2.534	2.17	2.695	1.904	2.669	2.564	2.444	2.666	2.25	2.192	2.637	2.088	2.501	2.653	2.689	2.66	2.646	2.637	2.381	1.734	2.175	2.314	2.582	2.509	2.555	2.415	2.893	2.312	2.865	2.532	3.17	2.966	2.766	2.913	2.50555	1289333.0	1729320.728513
sub-0027004	2.578	2.393	2.892	2.296	2.623	2.56	2.608	2.732	2.366	2.296	2.839	2.085	2.457	2.794	2.595	2.723	2.761	2.828	2.445	1.718	2.551	2.351	2.852	2.54	2.599	2.622	2.98	2.486	2.887	2.747	2.899	2.662	2.863	2.88	2.6409	1297999.0	1766201.866882
sub-0010024	2.568	2.135	2.65	2.005	3.021	2.696	2.7	2.936	2.495	2.21	2.886	2.052	2.403	2.902	2.621	2.689	2.614	2.784	2.518	1.678	2.146	2.139	2.559	2.642	2.088	2.702	2.956	2.507	2.617	2.578	3.155	3.315	2.122	2.416	2.57228	1315803.0	1798333.353851
sub-0010023	2.336	2.265	2.613	1.96	2.917	2.515	2.513	2.79	2.008	2.102	2.773	2.001	2.207	2.726	2.434	2.541	2.754	3.121	2.618	1.585	2.131	2.352	2.592	2.507	2.461	2.602	2.927	2.356	2.704	2.618	3.027	3.717	2.391	2.429	2.51039	1204881.0	1668422.279126
sub-0010040	2.579	2.426	2.846	1.93	2.887	2.622	2.708	2.918	2.561	2.208	2.69	2.106	2.376	3.089	2.347	2.834	2.643	2.756	2.732	1.9	2.264	2.524	2.681	2.755	2.047	2.752	2.882	2.483	2.821	2.841	3.124	3.114	2.48	2.53	2.63039	1180686.0	1610381.554664
sub-0010078	2.649	2.216	2.613	2.138	2.637	2.53	2.608	2.697	2.213	2.151	3.03	2.146	2.488	2.887	2.031	2.8	2.783	2.864	2.686	1.888	2.394	2.233	2.617	2.667	2.44	2.79	2.955	2.303	2.81	2.657	3.563	3.098	2.648	2.759	2.58892	1227594.0	1669617.709752
sub-0010071	2.49	2.759	2.676	2.184	3.063	2.635	2.508	2.755	2.528	2.163	2.918	2.202	2.49	2.761	2.351	2.629	2.914	3.109	2.825	1.915	2.168	2.634	2.704	2.691	2.625	2.677	2.979	2.268	2.906	2.661	2.908	2.926	2.855	2.775	2.61576	1072098.0	1432619.606029
sub-0010085	2.762	2.677	3.11	2.081	2.912	2.67	2.689	2.884	2.348	2.38	3.088	2.341	2.66	3.009	2.847	2.87	2.86	2.909	2.881	2.027	2.179	2.594	2.944	2.673	2.595	2.774	3.279	2.471	3.039	2.862	3.382	3.221	2.667	2.822	2.76091	1014419.0	1384996.246914
sub-0010049	2.634	2.295	2.867	2.115	3.035	2.615	2.644	2.781	2.249	2.344	2.938	2.27	2.427	2.936	2.545	2.739	2.691	3.249	2.832	1.876	2.241	2.462	2.724	2.752	2.354	2.824	3.021	2.426	3.011	2.642	3.24	3.41	2.352	2.688	2.65461	1148853.0	1541497.217699
sub-0010076	2.587	2.081	2.485	1.722	2.905	2.691	2.374	2.682	2.253	2.004	2.854	2.053	2.378	2.891	2.982	2.368	2.787	2.945	2.713	1.58	2.041	2.356	2.509	2.345	2.297	2.479	2.766	2.16	2.871	2.471	2.753	3.465	2.571	2.656	2.46942	972450.0	1342860.033406
sub-0010022	2.733	2.696	2.64	1.97	2.614	2.663	2.655	2.743	2.561	2.262	2.773	2.339	2.322	2.84	2.785	2.979	2.76	2.909	2.659	1.956	2.342	2.49	2.487	2.871	2.401	2.504	2.635	2.388	2.952	2.607	3.027	2.852	2.579	2.746	2.58243	1250629.0	1839389.471995
sub-2996531	2.585	2.367	2.666	1.822	3.154	2.556	2.621	2.704	2.171	2.126	3.036	2.066	2.529	2.888	1.957	2.527	2.639	2.807	2.587	1.568	2.274	2.651	2.682	2.486	2.245	2.603	2.738	2.343	2.595	2.669	2.938	3.038	2.578	2.697	2.52841	1311050.0	1783444.244695
sub-0027005	2.291	2.746	2.61	2.005	2.905	2.69	2.566	2.931	2.374	2.37	2.851	2.002	2.578	2.76	2.773	2.614	2.842	2.901	2.674	1.908	2.228	2.409	2.776	2.491	2.884	2.61	3.018	2.387	2.876	2.584	3.324	3.073	2.444	3.112	2.62141	1048905.0	1506119.589377
sub-0010013	2.173	2.593	2.842	2.932	1.819	1.641	2.296	1.949	2.412	2.389	2.689	2.72	2.472	2.5	2.195	3.428	2.538	3.161	2.285	2.476	2.837	2.31	2.918	2.959	2.473	2.516	3.054	2.469	2.571	2.383	3.166	1.354	2.743	2.383	2.58137	903479.0	1472697.438304
sub-0015048	2.66	2.569	2.855	1.971	2.954	2.824	2.731	2.929	2.506	2.337	2.956	2.245	2.72	3.164	2.879	2.748	2.913	2.954	2.915	1.822	2.495	2.504	2.835	2.691	2.97	2.752	3.061	2.644	3.294	2.908	2.981	3.697	2.744	3.149	2.7649	1138789.0	1491867.125718
sub-0016050	2.588	2.579	2.903	2.081	3.031	2.688	2.542	2.675	2.328	2.252	2.785	2.199	2.416	2.861	2.604	2.577	2.784	2.882	2.681	1.844	2.255	2.44	2.758	2.465	2.777	2.607	2.864	2.478	2.852	2.617	2.847	3.062	2.619	2.997	2.60495	1342360.0	1764602.150173
sub-1502229	2.764	3.05	2.923	1.964	3.067	2.914	2.689	2.877	2.589	2.287	2.878	2.211	2.6	3.181	2.793	2.756	2.869	3.081	2.77	1.524	2.363	2.744	2.834	2.803	3.042	2.702	3.084	2.567	3.026	2.815	3.363	3.835	2.705	3.074	2.74442	1203955.0	1586598.313299
sub-0015041	2.652	2.608	2.825	2.093	2.781	2.749	2.54	2.7	2.644	2.269	2.813	2.196	2.699	2.892	2.667	2.704	2.795	2.96	2.735	1.951	2.213	2.561	2.812	2.532	2.982	2.631	2.994	2.31	3.032	2.681	3.035	3.327	2.689	2.841	2.64411	1256359.0	1702915.688415
sub-0021046	2.653	2.478	2.835	2.193	2.668	2.635	2.628	2.748	2.073	2.354	2.944	2.114	2.501	2.892	2.245	2.688	2.808	3.0	2.756	1.598	2.184	2.305	2.702	2.73	2.499	2.723	3.087	2.536	2.919	2.692	3.064	3.17	2.586	2.945	2.65658	1192997.0	1629175.481348
sub-0021041	2.702	2.205	3.079	1.965	2.888	2.71	2.756	2.899	2.307	2.307	2.878	2.082	2.488	3.117	2.047	3.05	2.795	3.014	2.843	1.774	2.095	2.521	2.906	2.607	2.588	2.869	3.144	2.456	2.946	2.744	3.583	3.486	2.439	2.593	2.68133	1144376.0	1509436.770806
sub-0010104	2.659	2.394	2.695	1.709	2.993	2.599	2.529	2.859	2.383	2.025	2.868	2.08	2.502	3.017	2.336	2.57	2.849	2.882	2.814	1.494	2.173	2.372	2.665	2.622	2.392	2.503	2.841	2.435	2.89	2.747	3.058	3.363	2.691	2.803	2.58241	1354434.0	1844081.656525
sub-0015015	2.552	2.754	2.761	2.028	2.962	2.826	2.588	2.867	2.641	2.183	3.155	2.097	2.811	2.873	2.719	2.689	2.715	2.949	2.821	1.729	2.249	2.638	2.645	2.515	3.22	2.745	3.127	2.42	3.037	2.787	3.408	3.52	2.63	3.056	2.67484	948440.0	1244951.263338
sub-0010103	2.531	2.414	2.694	2.123	2.687	2.618	2.55	2.848	2.237	2.205	2.703	2.143	2.43	2.834	2.387	2.634	2.924	3.003	2.781	1.813	2.199	2.307	2.66	2.645	2.67	2.577	2.784	2.349	2.956	2.658	2.981	3.127	2.604	2.564	2.57416	1197593.0	1649946.415928
sub-5971050	2.456	2.055	2.762	1.992	2.479	2.675	2.611	2.65	2.37	2.245	3.037	2.202	2.454	2.91	2.359	2.703	2.514	3.31	2.76	1.753	2.136	2.56	2.525	2.702	2.347	2.652	2.91	2.481	2.7	2.72	3.055	2.889	2.022	2.525	2.57721	1069494.0	1445786.051912
sub-0025014	2.621	2.481	2.67	2.069	2.774	2.789	2.707	2.874	2.341	2.301	2.825	2.087	2.616	3.11	2.858	2.553	2.755	2.921	2.716	1.791	2.315	2.518	2.805	2.594	2.915	2.553	2.934	2.531	3.015	2.897	2.776	3.85	2.79	2.934	2.68058	1100902.0	1478780.433432
sub-0015023	2.833	2.764	2.987	2.337	2.971	2.941	2.801	2.91	2.574	2.473	3.063	2.385	2.813	2.958	3.252	2.837	2.958	3.087	2.844	1.819	2.468	2.627	2.923	2.82	3.248	2.932	3.125	2.609	3.142	2.896	2.929	3.428	2.872	2.992	2.81612	1064538.0	1394591.658788
sub-3560456	2.843	3.46	2.554	2.045	2.312	2.619	2.719	2.425	2.94	2.449	2.669	2.493	2.811	2.783	2.587	2.69	2.69	2.802	2.694	2.003	2.244	2.619	2.419	2.748	3.295	2.686	2.989	2.45	2.698	2.384	3.088	2.584	2.741	2.907	2.62346	898976.0	1354002.724299
sub-0015024	2.758	2.8	2.844	2.296	2.88	2.823	2.642	2.602	2.471	2.261	2.941	2.214	2.618	2.79	2.546	2.683	2.851	3.034	2.612	1.791	2.296	2.607	2.726	2.794	3.115	2.709	3.131	2.601	2.806	2.724	3.225	2.907	2.538	3.118	2.67996	1202962.0	1595519.627099
sub-0021023	2.646	2.472	2.828	2.087	2.64	2.777	2.631	3.032	2.433	2.219	3.059	2.257	2.485	2.946	2.477	2.692	2.825	3.237	2.856	1.754	2.225	2.407	2.693	2.75	2.303	2.723	3.016	2.375	2.993	2.786	3.123	3.709	2.755	2.801	2.66206	1077991.0	1450618.356487
sub-0015040	2.418	2.774	2.529	2.036	3.112	2.717	2.44	2.739	2.468	2.218	2.842	2.047	2.636	2.874	2.801	2.52	2.827	2.739	2.608	1.806	2.102	2.442	2.663	2.442	2.838	2.554	2.787	2.222	2.889	2.562	2.765	3.599	2.369	2.967	2.54418	1268920.0	1729302.611806
sub-0015049	2.559	2.611	2.925	2.275	2.756	2.855	2.681	2.758	2.644	2.331	2.881	2.422	2.617	2.919	2.873	2.638	3.076	2.97	2.799	1.963	2.292	2.521	2.766	2.688	3.058	2.82	2.999	2.447	3.04	2.651	2.887	3.965	2.523	3.036	2.71066	1331197.0	1754432.03814
sub-4053388	2.825	2.662	2.834	2.112	3.144	2.852	2.623	2.879	2.489	2.31	2.889	2.184	2.716	3.046	2.641	2.69	2.901	2.803	2.78	1.688	2.303	2.496	2.76	2.581	2.95	2.65	2.956	2.494	3.264	2.773	3.263	3.353	2.851	3.034	2.70501	1178326.0	1579697.003714
sub-4134561	2.57	2.597	2.644	1.936	2.633	2.633	2.625	2.66	2.227	2.316	2.708	2.196	2.37	2.751	2.341	2.327	2.656	2.931	2.598	1.772	2.656	2.444	2.323	2.481	2.641	2.534	2.847	2.333	2.971	2.652	3.103	2.427	2.592	2.871	2.56298	1431923.0	1942238.032312
sub-8991934	2.232	2.419	2.74	1.797	2.775	2.591	2.575	2.754	2.521	2.193	2.536	2.051	2.28	2.667	2.329	2.405	2.548	2.71	2.492	1.815	2.19	2.301	2.64	2.32	2.935	2.436	2.756	2.271	2.749	2.642	2.658	3.397	2.543	2.755	2.48551	1156174.0	1608944.770616
sub-0021022	2.558	2.291	3.033	2.225	3.303	2.923	2.883	3.035	2.524	2.4	3.071	2.441	2.385	3.171	2.482	2.846	2.608	3.522	2.995	2.122	2.364	2.49	2.953	2.706	2.445	2.854	3.098	2.762	2.991	2.845	3.451	3.032	2.545	2.58	2.78179	966507.0	1265760.535106
sub-0015025	2.426	2.839	2.777	1.932	2.593	2.834	2.661	2.846	2.439	2.296	2.928	2.292	2.848	3.101	2.9	2.774	2.827	3.066	2.893	1.82	2.377	2.644	2.735	2.68	3.117	2.77	3.08	2.588	3.117	2.808	3.513	3.519	2.886	3.048	2.74904	1145545.0	1514195.516875
sub-2601519	2.455	2.614	2.761	1.913	3.195	2.749	2.597	2.859	2.485	2.235	2.772	2.128	2.552	2.933	2.796	2.461	2.829	2.831	2.778	1.631	2.148	2.62	2.684	2.525	2.839	2.639	2.968	2.386	3.055	2.698	2.767	2.952	2.307	2.766	2.61615	1240677.0	1701670.346053
sub-0015022	2.692	3.141	2.843	2.178	2.981	2.886	2.765	2.838	2.609	2.479	2.97	2.299	2.725	2.788	2.822	2.848	3.027	3.058	2.914	2.098	2.383	2.666	2.886	2.701	2.917	2.704	3.088	2.589	3.083	2.719	2.885	3.586	2.615	2.942	2.76582	1265659.0	1656782.639791
sub-0021025	2.777	2.289	2.738	1.927	2.636	2.581	2.73	2.979	2.803	2.219	2.913	2.17	2.431	2.997	1.91	2.937	2.872	3.189	3.047	1.816	2.207	2.441	2.667	2.763	2.243	2.663	3.063	2.538	2.865	2.827	3.134	3.668	2.42	2.391	2.65253	1144390.0	1533815.635411
sub-4265987	2.695	2.525	2.775	2.062	2.623	2.771	2.599	2.913	2.387	2.226	2.745	2.185	2.72	3.054	2.34	2.662	2.797	2.974	2.682	1.773	2.273	2.574	2.771	2.627	2.961	2.715	2.935	2.422	2.911	2.674	3.06	3.305	2.532	3.151	2.66026	1256852.0	1774257.639898
sub-0015014	2.654	2.538	2.918	2.153	2.851	2.959	2.684	3.073	2.436	2.383	3.016	2.379	2.764	3.086	2.831	2.848	2.836	2.993	2.836	1.938	2.458	2.709	2.765	2.663	2.792	2.801	3.08	2.486	3.044	2.801	3.028	3.567	2.929	2.989	2.76446	1178912.0	1552839.891953
sub-0021013	3.1	2.272	2.917	2.084	3.187	2.709	2.798	3.073	2.48	2.234	3.042	2.2	2.499	3.04	2.362	2.659	2.711	3.277	2.751	2.024	2.232	2.412	2.815	2.764	2.323	2.974	3.074	2.5	2.899	2.791	3.365	3.405	2.447	2.855	2.70795	1209414.0	1665664.147374
sub-3349423	2.744	2.39	2.6	1.959	2.92	2.648	2.569	2.845	2.452	2.204	2.949	2.134	2.466	2.971	2.76	2.485	2.787	2.902	2.851	1.715	2.215	2.696	2.717	2.598	2.178	2.597	2.911	2.416	2.917	2.771	2.99	3.614	2.787	2.854	2.61731	1441157.0	1970172.303323
sub-0010102	2.315	2.205	2.527	1.92	2.272	2.367	2.285	2.431	2.291	2.067	2.545	2.05	2.436	2.661	1.921	2.355	2.686	2.336	2.487	1.866	2.099	2.296	2.421	2.244	2.659	2.455	2.609	2.148	2.449	2.46	2.457	3.022	2.063	2.505	2.36128	1288105.0	1852794.285309
sub-0015013	2.813	2.763	2.892	2.35	2.456	3.034	2.733	2.992	2.515	2.563	3.098	2.258	2.655	3.034	2.911	2.832	2.873	3.011	2.811	2.146	2.484	2.602	2.876	2.806	3.349	2.844	3.13	2.609	3.084	2.909	2.975	3.658	2.72	3.14	2.82022	1327632.0	1737457.82199
sub-0021009	2.68	2.569	2.919	2.007	2.734	2.67	2.793	2.691	2.574	2.359	3.085	2.19	2.652	3.07	2.478	2.822	2.893	2.996	2.749	1.959	2.287	2.755	2.867	2.684	2.617	2.79	3.189	2.589	2.875	2.827	2.883	3.544	2.718	2.666	2.7318	1035080.0	1371560.362081
sub-3999344	2.861	2.076	2.897	2.128	2.749	2.576	2.787	2.8	2.287	2.377	2.74	2.359	2.668	3.061	2.202	2.959	2.831	3.105	3.013	1.788	2.453	2.442	2.87	2.753	2.237	2.824	3.199	2.47	2.796	2.839	3.456	3.485	2.075	2.441	2.70306	1114613.0	1497712.365795
sub-0015036	2.432	2.669	2.905	1.967	3.133	2.821	2.565	2.962	2.531	2.323	2.881	2.161	2.706	2.956	3.062	2.652	2.924	2.983	2.837	1.905	2.487	2.601	2.915	2.72	2.863	2.701	3.074	2.41	3.118	2.778	2.886	3.845	2.778	2.934	2.72977	1139752.0	1498126.603625
sub-0025001	2.843	2.335	2.758	2.044	3.256	2.88	2.553	3.041	2.277	2.224	2.771	2.357	2.645	3.079	2.832	2.613	2.892	2.748	2.926	1.82	2.191	2.506	2.775	2.471	2.803	2.626	2.954	2.263	3.104	2.658	2.918	2.862	2.724	3.077	2.66504	915365.0	1251297.195394
sub-0010116	2.501	1.987	2.721	1.931	2.945	2.482	2.409	2.546	2.356	2.014	2.748	2.26	2.501	2.601	3.008	2.448	2.536	3.028	2.731	1.904	2.207	2.405	2.652	2.437	2.498	2.59	2.814	2.235	2.75	2.551	3.252	3.417	2.466	2.716	2.4893	1284196.0	1748689.20535
sub-0015038	2.591	2.72	2.957	2.044	3.105	2.896	2.693	2.792	2.774	2.376	2.905	2.208	2.089	3.053	3.015	2.795	2.817	3.232	3.034	1.776	2.415	2.551	2.826	2.807	3.038	2.796	3.166	2.51	3.026	2.774	3.421	3.584	3.066	3.001	2.74496	1261203.0	1690317.773505
sub-1208586	2.551	2.245	2.629	1.875	2.56	2.401	2.505	2.573	2.061	2.055	2.515	2.02	2.386	2.807	2.378	2.294	2.624	2.374	2.383	1.413	2.036	2.065	2.443	2.275	2.519	2.413	2.683	2.226	2.867	2.544	2.81	2.472	2.238	2.711	2.41036	1132106.0	1582668.363087
sub-0010111	2.614	2.306	2.69	1.898	2.323	2.462	2.63	2.452	2.41	2.262	2.729	2.24	2.572	2.76	2.259	2.438	2.438	3.051	2.512	1.682	2.028	2.34	2.353	2.613	2.18	2.729	2.895	2.513	2.523	2.72	3.802	2.585	2.208	2.541	2.51549	1143522.0	1559175.486239
sub-0016074	2.668	2.509	2.654	1.816	3.004	2.739	2.617	2.9	2.208	2.326	2.734	1.918	2.523	2.931	3.082	2.548	2.663	2.599	2.548	1.664	2.254	2.261	2.747	2.417	2.759	2.563	2.895	2.369	3.074	2.758	3.177	3.859	2.703	2.869	2.60896	1030399.0	1387834.905927
sub-4046678	2.722	2.679	2.754	2.227	3.171	2.844	2.693	2.961	2.575	2.292	2.928	2.35	2.685	3.115	2.906	2.661	2.997	2.723	2.817	1.911	2.289	2.65	2.852	2.763	3.177	2.786	3.104	2.495	2.974	2.91	3.018	3.549	2.739	3.131	2.75543	1205827.0	1633386.131668
sub-1696588	2.591	2.71	2.858	2.101	2.386	2.653	2.677	2.881	2.752	2.153	2.607	2.135	3.144	2.857	2.64	2.785	2.648	2.664	2.965	1.859	2.279	3.115	2.571	2.684	2.704	2.964	2.89	2.426	2.716	2.6	3.857	2.256	2.536	2.947	2.62499	962325.0	1356059.511026
sub-3994098	2.605	2.619	2.746	1.843	2.516	2.719	2.568	2.841	2.541	2.268	2.67	2.186	2.345	2.893	2.468	2.765	2.815	2.848	2.544	1.601	2.123	2.521	2.687	2.496	2.88	2.532	2.879	2.345	2.801	2.633	2.905	2.909	2.465	2.703	2.5696	1185068.0	1623664.192153
sub-0016045	2.637	2.645	2.708	2.016	2.992	2.623	2.535	2.708	2.318	2.119	2.739	2.117	2.548	2.886	2.964	2.446	2.775	2.659	2.584	1.708	2.227	2.533	2.641	2.42	2.681	2.553	2.744	2.403	2.802	2.708	2.851	3.057	2.537	2.845	2.55465	1047801.0	1385082.526708
sub-8191384	2.63	2.461	2.805	1.671	2.767	2.773	2.669	2.888	2.347	2.1	3.094	1.81	2.815	3.13	2.602	2.568	2.828	3.245	2.927	1.338	2.198	2.806	2.483	2.464	2.801	2.818	3.032	2.384	2.922	2.923	3.986	3.803	2.412	2.795	2.63801	1128683.0	1497598.583188
sub-1481430	2.805	2.591	2.842	2.029	3.008	2.841	2.565	2.97	2.596	2.322	2.665	2.361	2.404	2.982	2.723	2.571	2.912	3.04	2.813	1.913	2.339	2.65	2.736	2.672	2.911	2.493	2.843	2.485	3.036	2.94	2.688	3.628	2.968	3.206	2.69554	1388274.0	1843595.471018
sub-0025009	2.591	2.629	2.609	1.938	3.029	2.802	2.486	2.906	2.476	2.246	2.788	2.185	2.502	2.986	2.688	2.642	2.937	2.855	2.625	1.978	2.213	2.616	2.832	2.561	2.816	2.518	2.934	2.307	2.956	2.629	2.479	3.324	2.55	3.143	2.62222	1425211.0	1949827.897729
sub-0021006	2.54	2.28	2.951	2.019	2.761	2.647	2.532	2.882	2.347	2.261	2.766	2.197	2.537	2.75	2.54	2.88	2.811	3.113	2.939	1.817	2.306	2.353	2.77	2.508	2.344	2.799	3.142	2.506	2.675	2.679	3.42	2.916	2.006	2.629	2.61762	1180522.0	1575212.388142
sub-0015008	2.551	2.48	2.825	2.37	3.078	2.71	2.648	2.827	2.446	2.367	2.892	2.22	2.667	2.783	2.935	2.676	2.86	2.842	2.761	1.863	2.32	2.455	2.747	2.557	3.021	2.638	2.874	2.454	2.867	2.674	3.437	3.939	2.519	2.994	2.64981	1204403.0	1591369.815205
sub-0015037	2.665	2.42	2.851	2.045	2.974	2.834	2.686	2.81	2.64	2.299	2.91	2.196	2.586	3.12	2.823	2.798	2.941	3.086	2.768	1.988	2.449	2.483	2.896	2.706	2.802	2.749	3.018	2.431	3.13	2.779	3.252	3.973	2.653	2.944	2.7282	1256135.0	1677088.163487
sub-0021030	2.482	2.513	2.669	2.02	2.989	2.846	2.596	2.907	2.555	2.174	2.773	2.168	2.35	2.911	2.246	2.546	2.613	2.925	2.674	1.828	2.049	2.506	2.592	2.669	2.386	2.62	2.742	2.373	2.884	2.671	3.269	3.322	2.511	2.665	2.56284	1230447.0	1655228.707656
sub-0010119	2.59	2.56	2.35	1.947	2.505	2.659	2.72	2.729	2.456	2.285	2.681	2.126	2.754	2.918	2.31	2.311	2.601	3.272	2.99	1.778	2.383	2.661	2.186	2.734	2.686	2.797	2.832	2.488	2.907	2.752	4.186	2.657	2.633	2.66	2.61317	1095413.0	1554457.586446
sub-0021008	2.595	2.528	2.683	2.048	2.764	2.703	2.628	2.941	2.564	2.31	2.655	2.5	2.358	3.099	2.508	2.541	2.685	2.886	2.661	1.875	2.323	2.614	2.489	2.646	2.574	2.642	2.968	2.391	2.901	2.788	3.13	3.57	2.517	2.702	2.63695	1090455.0	1501891.030372
sub-0015030	2.733	2.553	2.742	2.025	3.19	2.782	2.623	2.883	2.477	2.241	2.782	2.089	2.523	3.213	2.701	2.662	2.799	2.876	2.747	1.817	2.279	2.496	2.694	2.642	3.147	2.623	2.993	2.487	2.995	2.729	2.949	3.876	2.626	3.095	2.68503	1179397.0	1633118.268749
sub-0010126	2.759	2.28	2.896	2.217	2.878	2.723	2.855	2.963	2.46	2.298	2.965	2.174	2.519	3.036	2.666	2.843	2.973	3.091	2.848	1.863	2.401	2.266	2.872	2.759	2.534	2.687	3.033	2.497	2.866	2.755	3.514	3.606	2.872	2.845	2.70615	1290726.0	1726140.211001
sub-4221029	2.676	2.995	2.542	2.089	2.728	2.692	2.562	2.791	2.499	2.22	2.77	2.009	2.642	2.93	2.489	2.441	2.685	2.715	2.757	1.913	2.523	2.544	2.277	2.579	2.935	2.643	2.897	2.312	2.965	2.631	3.583	3.08	2.729	3.059	2.60024	1257421.0	1779907.781906
sub-4079254	2.752	2.287	2.71	1.931	2.839	2.543	2.52	2.635	2.268	2.141	2.78	2.029	2.368	2.99	2.328	2.933	2.641	2.784	2.427	1.786	2.166	2.27	2.647	2.642	2.524	2.432	2.8	2.343	2.694	2.518	3.318	3.35	1.946	2.549	2.50412	1203121.0	1604969.52203
sub-0016086	2.668	2.434	2.594	2.079	3.017	2.71	2.602	2.799	2.315	2.177	2.651	2.041	2.523	2.953	2.52	2.556	2.784	2.556	2.525	2.03	2.336	2.434	2.779	2.502	2.824	2.61	2.774	2.357	2.919	2.773	2.734	3.244	2.529	2.804	2.59254	1276094.0	1716478.419675
sub-0023026	3.059	2.926	2.858	2.25	2.784	2.991	2.861	3.011	2.587	2.351	2.913	2.395	2.769	3.192	2.692	2.972	2.901	3.067	2.877	2.036	2.423	2.631	2.829	2.778	3.026	2.794	3.17	2.538	3.224	2.864	3.299	3.883	3.431	3.074	2.82182	1019020.0	1377699.454814
sub-0010036	2.257	2.135	2.699	2.234	2.527	2.551	2.667	2.611	2.58	2.334	2.871	2.232	2.286	2.729	2.221	2.67	2.348	3.054	2.595	2.148	2.407	2.435	2.672	2.674	2.327	2.815	3.018	2.583	2.713	2.466	3.523	2.55	2.157	2.164	2.58326	1116463.0	1558252.379391
sub-7504392	2.698	2.666	2.87	1.762	3.07	2.599	2.764	2.879	2.57	2.194	2.848	1.989	2.507	2.958	2.963	2.635	2.81	3.069	2.728	1.523	2.185	2.411	2.694	2.494	2.818	2.609	2.968	2.476	3.095	2.868	2.84	3.055	2.775	3.073	2.65677	983604.0	1356207.161938
sub-9956994	2.486	2.573	2.747	1.783	2.737	2.615	2.465	2.646	2.495	2.139	2.598	1.912	2.43	2.729	2.647	2.423	2.657	2.455	2.474	1.629	2.114	2.419	2.582	2.406	2.64	2.425	2.821	2.213	2.814	2.636	2.613	3.567	2.552	2.836	2.48024	1133814.0	1529725.850146
sub-0027011	2.551	2.362	2.568	1.779	2.675	2.621	2.42	2.769	2.056	2.191	2.63	2.105	2.496	2.848	2.88	2.256	2.564	2.61	2.456	1.698	2.15	2.245	2.543	2.426	2.596	2.297	2.704	2.147	2.788	2.581	2.561	3.503	2.588	3.005	2.48161	1427532.0	2031015.44529
sub-0010038	2.414	2.186	2.706	1.916	2.754	2.49	2.573	2.785	2.275	2.108	2.792	1.902	2.544	2.775	2.619	2.702	2.856	3.111	2.724	1.665	2.206	2.289	2.63	2.578	2.654	2.565	2.856	2.356	2.684	2.69	3.263	3.664	2.362	2.781	2.54564	1133112.0	1526248.004289
sub-0027018	2.386	2.297	2.632	1.787	3.377	2.534	2.396	2.607	2.419	2.168	2.691	2.052	2.432	2.391	2.782	2.319	2.594	2.59	2.603	1.55	2.2	2.437	2.461	2.352	2.799	2.424	2.658	2.131	2.492	2.576	2.639	3.323	2.342	2.999	2.44297	1261975.0	1765637.401198
sub-0010007	2.644	1.953	2.808	1.939	2.93	2.603	2.696	2.669	2.397	2.307	2.791	2.087	2.55	3.011	2.506	2.926	2.661	3.009	2.917	1.829	2.369	2.102	2.88	2.696	2.489	2.804	3.082	2.482	2.861	2.794	2.772	3.241	2.964	2.734	2.65643	1125175.0	1497749.427796
sub-4919979	2.644	2.607	2.537	1.823	2.198	2.539	2.533	2.574	2.603	2.173	2.693	2.134	2.518	2.66	2.501	2.574	2.529	2.658	2.569	1.729	2.246	2.741	2.415	2.37	2.544	2.606	2.763	2.307	2.893	2.615	3.06	3.258	2.696	3.03	2.50646	1342600.0	1863231.176475
sub-0027020	2.203	2.467	2.502	1.745	2.637	2.314	2.393	2.497	2.316	2.005	2.452	1.908	2.345	2.619	2.71	2.346	2.528	2.623	2.535	1.689	2.11	2.235	2.52	2.274	2.709	2.387	2.682	2.08	2.643	2.418	2.431	3.08	2.257	2.657	2.37067	1024536.0	1445331.857195
sub-0010054	2.389	2.583	2.839	1.873	2.906	2.724	2.662	2.886	2.402	2.214	2.92	2.391	2.481	2.944	2.574	2.823	2.859	3.24	2.842	1.747	2.117	2.75	2.926	2.656	2.886	2.661	3.065	2.436	2.903	2.874	3.149	3.459	2.691	2.409	2.66415	1023434.0	1388663.615455
sub-4529116	2.771	2.64	2.617	2.133	3.085	2.929	2.618	2.855	2.561	2.291	2.959	2.211	2.647	3.038	2.885	2.531	2.588	2.71	2.637	1.832	2.238	2.466	2.669	2.556	2.857	2.598	2.841	2.31	2.921	2.717	2.969	3.1	2.521	3.027	2.63836	1102594.0	1475677.76461
sub-0010091	2.524	2.509	2.625	1.931	2.486	2.74	2.643	2.759	2.535	2.175	2.833	2.295	2.338	2.932	2.454	2.649	2.663	3.23	2.762	1.671	2.049	2.324	2.451	2.557	2.39	2.709	3.016	2.33	2.59	2.718	3.033	2.915	2.328	2.388	2.54181	1144122.0	1601842.314137
sub-0010096	2.524	2.255	2.74	1.988	2.858	2.571	2.569	2.426	2.253	2.317	2.775	2.19	2.274	2.783	2.035	2.547	2.665	3.038	2.768	1.648	2.227	2.609	2.636	2.584	2.159	2.558	2.942	2.306	2.871	2.589	3.023	2.977	2.191	2.522	2.54271	1292306.0	1758056.436789
sub-0010062	2.276	2.074	2.514	1.737	2.968	2.498	2.36	2.669	2.307	1.997	2.514	1.891	2.432	2.9	2.653	2.305	2.44	2.703	2.722	1.613	2.061	2.39	2.599	2.252	2.283	2.523	2.796	2.133	2.834	2.519	2.598	2.956	2.454	2.393	2.43193	1328274.0	1814577.647404
sub-3993793	2.707	2.489	2.55	1.928	2.872	2.824	2.577	2.814	2.415	2.148	2.758	2.07	2.665	2.888	2.783	2.41	2.778	2.568	2.54	1.564	2.153	2.449	2.615	2.427	2.71	2.575	2.776	2.269	2.871	2.605	2.759	3.507	2.595	3.027	2.54528	1273226.0	1708691.2596
sub-0010039	2.487	2.343	2.654	1.756	2.507	2.637	2.488	2.686	2.37	2.128	2.763	2.079	2.262	2.833	1.986	2.671	2.592	3.023	2.601	1.68	2.115	2.396	2.667	2.485	2.35	2.668	2.912	2.24	2.7	2.54	3.405	2.869	2.596	2.547	2.51903	1140274.0	1541011.568546
sub-5669389	2.724	2.681	2.589	1.601	3.043	2.61	2.461	2.782	2.347	2.029	2.97	1.774	2.732	2.838	2.497	2.335	2.697	2.566	2.541	1.425	2.027	2.421	2.612	2.371	2.875	2.552	2.874	2.218	2.78	2.509	3.201	3.373	2.124	2.703	2.48978	1304314.0	1745281.460326
sub-8697774	2.788	2.184	2.816	2.036	2.713	2.412	2.563	2.598	2.693	2.396	2.662	2.233	2.432	2.712	2.12	2.938	2.824	2.96	2.88	1.914	2.178	2.19	2.532	2.483	2.153	2.817	3.011	2.318	2.631	2.553	3.153	2.741	2.035	2.361	2.55815	1103849.0	1549892.940483
sub-0010030	2.488	2.372	2.775	1.985	2.8	2.746	2.576	2.921	2.36	2.196	2.998	2.197	2.71	2.97	2.527	2.765	2.888	3.096	2.756	1.729	2.11	2.369	2.556	2.614	2.369	2.641	3.02	2.183	2.982	2.652	3.147	3.144	2.657	2.736	2.59822	1309756.0	1797263.568941
sub-9578631	2.499	2.663	2.662	1.945	2.877	2.731	2.407	2.789	2.46	2.222	2.907	2.114	2.521	3.074	2.667	2.44	2.705	2.863	2.521	1.936	2.068	2.773	2.591	2.411	2.987	2.54	3.002	2.184	2.895	2.511	3.055	3.442	2.627	2.944	2.55866	1276557.0	1774853.654183
sub-0010008	2.466	2.375	2.989	1.766	2.773	2.606	2.654	2.614	2.45	2.176	2.926	2.12	2.529	2.841	2.375	2.817	2.868	2.918	2.729	1.904	2.305	2.425	2.79	2.511	2.609	2.7	3.26	2.412	2.899	2.814	2.756	3.089	2.552	2.776	2.65384	1083838.0	1478760.093827
sub-7011503	2.905	2.68	2.843	2.165	3.142	2.883	2.658	2.874	2.484	2.374	3.008	2.204	2.584	3.052	2.9	2.711	2.846	3.004	2.734	1.648	2.368	2.572	2.773	2.66	2.81	2.701	2.985	2.489	3.018	2.81	3.449	3.228	2.899	2.898	2.70507	1296215.0	1703519.953413
sub-0010037	2.636	2.468	2.61	1.937	2.77	2.658	2.629	2.638	2.37	2.147	2.838	2.056	2.468	2.858	2.153	2.452	2.733	3.013	2.743	1.618	2.12	2.383	2.694	2.608	2.323	2.711	2.939	2.347	2.943	2.674	2.861	2.931	2.443	2.75	2.56717	1271891.0	1715321.010814
sub-0010063	2.708	2.179	2.894	1.975	3.03	2.75	2.596	2.811	2.303	2.185	2.954	2.085	2.385	3.047	2.666	2.563	2.978	3.053	2.637	1.837	2.068	2.37	2.768	2.55	2.417	2.566	2.961	2.251	3.049	2.69	2.677	3.679	2.488	3.046	2.62112	1049917.0	1417818.712448
sub-0010090	2.326	2.034	2.414	1.956	3.055	2.586	2.464	2.794	2.181	2.2	2.736	2.275	2.387	2.839	2.289	2.608	2.765	3.072	2.711	1.737	2.218	2.389	2.612	2.501	2.593	2.423	2.802	2.291	2.87	2.645	3.006	3.611	2.421	2.452	2.5169	1225411.0	1634515.516587
sub-4072305	3.126	2.763	2.852	2.269	3.021	3.033	2.81	3.048	2.509	2.536	2.873	2.317	2.586	3.391	3.113	2.915	2.955	3.344	2.934	1.886	2.248	2.709	2.826	2.767	3.086	2.802	3.132	2.648	3.258	2.951	2.983	3.547	2.915	3.284	2.84737	1053586.0	1379271.315851
sub-0010064	2.834	2.261	2.75	1.882	3.088	2.839	2.629	2.81	2.324	2.207	2.837	2.092	2.607	3.146	2.751	2.756	2.822	2.972	2.814	1.693	2.301	2.455	2.799	2.714	2.254	2.672	3.05	2.473	3.118	2.904	2.928	3.614	2.327	2.433	2.67361	1306740.0	1819906.279746
sub-1418396	2.851	2.612	2.831	2.208	3.152	2.851	2.792	2.916	2.816	2.348	2.79	2.242	2.608	3.005	3.156	2.761	3.064	2.942	2.601	1.805	2.469	2.547	2.78	2.853	3.071	2.641	3.032	2.558	2.992	2.817	3.303	2.929	2.455	3.078	2.74069	1416177.0	1844866.70991
sub-0010052	2.473	2.313	2.638	1.753	2.986	2.442	2.386	2.628	2.387	2.106	2.696	1.87	2.455	2.736	2.289	2.196	2.712	2.458	2.573	1.625	1.895	2.354	2.492	2.34	2.506	2.445	2.874	2.01	2.752	2.454	2.719	3.459	1.992	2.544	2.41129	1104744.0	1506635.301109
sub-0010099	2.489	2.582	2.634	1.959	3.142	2.765	2.55	2.97	2.437	2.238	2.803	2.222	2.51	2.907	2.492	2.749	2.641	3.205	2.815	1.817	2.169	2.543	2.64	2.664	2.453	2.69	2.956	2.449	2.885	2.797	3.232	3.945	2.317	2.792	2.6288	1188422.0	1593585.983576
sub-3302025	2.599	2.765	2.673	1.999	2.655	2.771	2.643	2.898	2.529	2.296	2.615	2.138	2.434	2.93	2.71	2.588	2.891	2.878	2.726	1.832	2.285	2.715	2.701	2.643	3.083	2.593	2.851	2.422	2.919	2.819	2.771	3.505	2.975	2.973	2.64235	1102620.0	1489323.960654
