subject_id	lh.aparc.volume	lh_bankssts_volume	lh_caudalanteriorcingulate_volume	lh_caudalmiddlefrontal_volume	lh_cuneus_volume	lh_entorhinal_volume	lh_fusiform_volume	lh_inferiorparietal_volume	lh_inferiortemporal_volume	lh_isthmuscingulate_volume	lh_lateraloccipital_volume	lh_lateralorbitofrontal_volume	lh_lingual_volume	lh_medialorbitofrontal_volume	lh_middletemporal_volume	lh_parahippocampal_volume	lh_paracentral_volume	lh_parsopercularis_volume	lh_parsorbitalis_volume	lh_parstriangularis_volume	lh_pericalcarine_volume	lh_postcentral_volume	lh_posteriorcingulate_volume	lh_precentral_volume	lh_precuneus_volume	lh_rostralanteriorcingulate_volume	lh_rostralmiddlefrontal_volume	lh_superiorfrontal_volume	lh_superiorparietal_volume	lh_superiortemporal_volume	lh_supramarginal_volume	lh_frontalpole_volume	lh_temporalpole_volume	lh_transversetemporal_volume	lh_insula_volume	BrainSegVolNotVent	eTIV
sub-0010011	2323.0	2442.0	7738.0	3039.0	1551.0	6642.0	14334.0	6902.0	2449.0	9250.0	7409.0	5674.0	5897.0	8032.0	1579.0	3873.0	4453.0	2691.0	4417.0	1619.0	10487.0	2813.0	12990.0	9549.0	2136.0	17826.0	23130.0	13413.0	13184.0	14240.0	1168.0	1504.0	1306.0	5754.0	992979.0	1368395.949419
sub-6568351	2266.0	983.0	7225.0	2623.0	1230.0	9210.0	14182.0	9365.0	2811.0	15505.0	8243.0	6051.0	4679.0	10010.0	1978.0	4165.0	5787.0	3472.0	5695.0	2068.0	11019.0	2785.0	13142.0	9621.0	1780.0	23041.0	31999.0	12867.0	15338.0	12945.0	1143.0	2043.0	1344.0	6062.0	1062350.0	1411036.945659
sub-0010029	2806.0	1332.0	5812.0	3233.0	1888.0	9580.0	12027.0	12466.0	3047.0	13229.0	9187.0	7057.0	5628.0	11672.0	2288.0	4488.0	5887.0	3325.0	4797.0	1989.0	10726.0	3970.0	15659.0	12883.0	1408.0	20802.0	24009.0	15190.0	13912.0	14710.0	1410.0	2594.0	1543.0	6154.0	1126028.0	1517081.108782
sub-0010027	2889.0	1623.0	7285.0	3071.0	1483.0	7539.0	14404.0	9598.0	3294.0	12112.0	7892.0	6301.0	6202.0	11663.0	2465.0	4146.0	4926.0	2831.0	4361.0	1744.0	13392.0	4029.0	15769.0	11262.0	1579.0	18188.0	28195.0	14995.0	13843.0	15774.0	1537.0	2300.0	1609.0	7151.0	1061340.0	1499172.6222
sub-7333005	3778.0	2655.0	7921.0	3066.0	2373.0	12127.0	16717.0	13344.0	2647.0	12477.0	10144.0	8676.0	6319.0	15481.0	2421.0	4093.0	5471.0	3256.0	4436.0	2312.0	12801.0	4004.0	15991.0	14277.0	3282.0	17477.0	28565.0	15768.0	16697.0	14677.0	1406.0	2902.0	1835.0	9123.0	1221867.0	1664237.227948
sub-0010073	3097.0	1839.0	9216.0	3164.0	1731.0	8479.0	14333.0	10503.0	2829.0	13974.0	9444.0	8593.0	5933.0	16395.0	2458.0	4100.0	6589.0	3064.0	5908.0	2266.0	9308.0	4794.0	14645.0	11782.0	2385.0	22433.0	32557.0	16586.0	15878.0	13357.0	1252.0	2172.0	1354.0	6480.0	1285196.0	1714915.098625
sub-0010080	3088.0	1890.0	7944.0	2390.0	1791.0	8633.0	11221.0	10379.0	2763.0	9507.0	7596.0	6091.0	4703.0	11779.0	2221.0	3658.0	4926.0	2489.0	4060.0	1911.0	10224.0	2996.0	14490.0	9498.0	2661.0	17913.0	24058.0	15743.0	13029.0	10789.0	1171.0	3018.0	1213.0	6634.0	1116192.0	1547601.309612
sub-0010042	4219.0	1436.0	7461.0	4023.0	1960.0	10982.0	17907.0	12667.0	3977.0	14027.0	8015.0	8274.0	5509.0	14736.0	1940.0	4124.0	6950.0	3489.0	4766.0	2320.0	13708.0	3916.0	16445.0	12939.0	2425.0	21016.0	28837.0	18725.0	14412.0	19650.0	1233.0	2640.0	1481.0	6558.0	1304192.0	1693464.574011
sub-1177160	2249.0	1614.0	9610.0	3658.0	1692.0	9190.0	17287.0	11961.0	3032.0	15234.0	9158.0	7031.0	6284.0	12549.0	2415.0	5050.0	4954.0	3724.0	4364.0	2004.0	11485.0	3566.0	13707.0	12329.0	2551.0	23575.0	26853.0	19364.0	15754.0	12379.0	1329.0	2929.0	1797.0	7463.0	1135375.0	1530173.748793
sub-4060823	2988.0	1896.0	8159.0	2952.0	1635.0	9147.0	12227.0	10204.0	3115.0	12315.0	8966.0	6723.0	5638.0	11698.0	2203.0	4017.0	5026.0	3225.0	5428.0	2017.0	11936.0	3390.0	16095.0	10966.0	2031.0	20210.0	25410.0	14753.0	13142.0	15400.0	1437.0	2319.0	1622.0	5944.0	1155264.0	1541521.791743
sub-1023964	3056.0	1488.0	7439.0	3420.0	2151.0	11344.0	14961.0	13538.0	3280.0	15015.0	8807.0	8528.0	4834.0	13752.0	1424.0	4075.0	5908.0	2864.0	4926.0	1986.0	11174.0	3191.0	14041.0	13790.0	2100.0	21872.0	29788.0	16978.0	16123.0	14229.0	1427.0	2111.0	1495.0	6319.0	1150402.0	1524869.286237
sub-2741068	2796.0	1291.0	8513.0	4653.0	1659.0	13215.0	15130.0	15163.0	3264.0	16051.0	9852.0	10630.0	5821.0	15223.0	1680.0	4385.0	5616.0	3597.0	5475.0	3745.0	12263.0	3350.0	14974.0	14930.0	1684.0	19864.0	32214.0	19422.0	14342.0	18090.0	1570.0	2103.0	1758.0	6075.0	1232242.0	1658155.072914
sub-0010010	3404.0	2069.0	8456.0	3478.0	1900.0	12048.0	16523.0	14985.0	3553.0	15769.0	10097.0	8710.0	6088.0	13028.0	2120.0	5699.0	8005.0	3612.0	5588.0	2675.0	13341.0	3657.0	19273.0	15809.0	3596.0	23975.0	31303.0	23416.0	16287.0	17144.0	1591.0	2637.0	1292.0	7202.0	1340866.0	1824002.376112
sub-2983819	2647.0	1389.0	6325.0	3393.0	1807.0	9268.0	15784.0	12774.0	2929.0	15348.0	8669.0	7398.0	5276.0	14736.0	2503.0	3193.0	6564.0	2995.0	5876.0	1767.0	9634.0	3157.0	13768.0	10048.0	1648.0	19034.0	23748.0	15525.0	16174.0	12491.0	1900.0	2527.0	1272.0	6835.0	1125460.0	1520578.234291
sub-0010043	1926.0	1163.0	6429.0	3980.0	1303.0	9813.0	10545.0	8313.0	2206.0	15360.0	6547.0	6686.0	4927.0	9674.0	1306.0	3847.0	3833.0	2478.0	4438.0	2067.0	9472.0	2234.0	12150.0	8575.0	1122.0	18153.0	24365.0	13590.0	13136.0	9210.0	1642.0	1138.0	1110.0	4765.0	923022.0	1299468.812469
sub-0010081	3048.0	1684.0	7841.0	2849.0	2245.0	9321.0	13609.0	11603.0	2490.0	10720.0	6981.0	7296.0	4761.0	12948.0	2408.0	3824.0	4508.0	2054.0	3674.0	2014.0	9679.0	3817.0	14548.0	9973.0	1862.0	15489.0	23280.0	15054.0	13132.0	11067.0	1464.0	2787.0	1230.0	6546.0	1084831.0	1482693.87954
sub-0010075	2561.0	2579.0	5895.0	4472.0	2188.0	9648.0	13238.0	12765.0	3308.0	17233.0	9049.0	8598.0	5077.0	12772.0	2182.0	5188.0	6654.0	3003.0	5003.0	3098.0	11319.0	4430.0	16957.0	13233.0	2216.0	20443.0	29374.0	15053.0	16782.0	11544.0	1451.0	2330.0	1857.0	5796.0	1204306.0	1595521.029088
sub-0010072	2426.0	1549.0	6024.0	4136.0	1527.0	9915.0	14440.0	12941.0	2435.0	12378.0	8107.0	7512.0	5738.0	13129.0	1489.0	4577.0	5608.0	2985.0	4282.0	2390.0	12500.0	3088.0	15783.0	12171.0	2135.0	18493.0	25387.0	15036.0	12699.0	16173.0	1523.0	2346.0	1222.0	5530.0	1060495.0	1437928.227948
sub-6953386	3685.0	3102.0	7791.0	2771.0	2116.0	13318.0	18068.0	13510.0	3701.0	13338.0	10415.0	7321.0	7399.0	15547.0	2511.0	4156.0	6469.0	3065.0	5285.0	1867.0	13816.0	4364.0	18305.0	13997.0	4139.0	18725.0	24623.0	17466.0	15563.0	18868.0	1392.0	2915.0	2128.0	8889.0	1306108.0	1745027.071629
sub-0010086	3072.0	1999.0	7413.0	2976.0	1691.0	10101.0	16301.0	13328.0	2796.0	11752.0	8806.0	6880.0	5178.0	14504.0	2234.0	4200.0	6143.0	2611.0	4643.0	2175.0	11002.0	2683.0	15945.0	10122.0	2513.0	17864.0	30282.0	13453.0	15229.0	12286.0	1091.0	2314.0	1362.0	6464.0	1216064.0	1618445.038774
sub-0021029	2787.0	1570.0	7141.0	5174.0	1856.0	11540.0	14057.0	10394.0	4587.0	17560.0	9053.0	9149.0	5405.0	11902.0	1924.0	3994.0	6611.0	3625.0	5193.0	3377.0	13371.0	3238.0	14347.0	14528.0	2304.0	21271.0	29702.0	16512.0	15493.0	13729.0	1579.0	2259.0	1852.0	7557.0	1205309.0	1610385.680667
sub-0015027	3147.0	1386.0	7384.0	3157.0	1513.0	11028.0	13770.0	12086.0	2856.0	11829.0	8179.0	7018.0	5067.0	14074.0	2055.0	3746.0	6671.0	2717.0	3907.0	2438.0	9717.0	3125.0	16030.0	11663.0	2855.0	14998.0	24931.0	16983.0	14105.0	13387.0	1251.0	2529.0	1350.0	7579.0	1093027.0	1453695.183993
sub-8278680	4249.0	3097.0	7047.0	3497.0	1838.0	11268.0	16643.0	12753.0	3373.0	13647.0	10597.0	5745.0	6529.0	16190.0	2451.0	4239.0	5690.0	3128.0	5462.0	2550.0	13180.0	4540.0	17082.0	12249.0	4062.0	19764.0	28300.0	17618.0	17356.0	14997.0	1302.0	2625.0	1629.0	9954.0	1251499.0	1701375.546748
sub-1771270	2250.0	2112.0	4619.0	3251.0	1735.0	9404.0	11002.0	11821.0	2782.0	13585.0	8781.0	5935.0	5155.0	12378.0	2022.0	3362.0	3707.0	3520.0	3949.0	2079.0	10737.0	3336.0	13744.0	9480.0	3304.0	21119.0	24892.0	12243.0	14242.0	10422.0	1363.0	1948.0	1393.0	6945.0	1076727.0	1415689.788946
sub-0021027	1993.0	1520.0	5109.0	3362.0	1103.0	9682.0	13660.0	9046.0	3578.0	13486.0	8823.0	7560.0	6166.0	11141.0	2108.0	4124.0	5612.0	3184.0	7080.0	2444.0	10313.0	2899.0	12570.0	12113.0	2058.0	22494.0	27234.0	16914.0	14820.0	14486.0	1324.0	1499.0	1733.0	6214.0	1102722.0	1511795.546128
sub-0010109	2565.0	1897.0	9214.0	3588.0	1335.0	9389.0	9960.0	8752.0	2761.0	9739.0	7665.0	7031.0	5547.0	11473.0	2199.0	4205.0	5197.0	2405.0	4275.0	2306.0	10127.0	3032.0	16220.0	10241.0	2611.0	16040.0	28616.0	13570.0	13484.0	13014.0	1420.0	1674.0	1291.0	6706.0	1089593.0	1484032.661677
sub-5302451	3626.0	2367.0	10207.0	3406.0	1786.0	10347.0	15101.0	13398.0	3381.0	14556.0	10295.0	7702.0	6185.0	14944.0	2161.0	4628.0	5750.0	3130.0	4964.0	2248.0	12370.0	3882.0	17846.0	10893.0	3314.0	23118.0	34972.0	17445.0	15054.0	12690.0	1517.0	3013.0	1343.0	9285.0	1277949.0	1699729.632546
sub-3624598	2597.0	1800.0	5984.0	3039.0	2463.0	11140.0	15421.0	15292.0	2701.0	12785.0	8350.0	5445.0	6397.0	13352.0	2179.0	3699.0	5305.0	2705.0	4039.0	1660.0	10097.0	3544.0	13394.0	8922.0	2787.0	20865.0	25507.0	14378.0	15885.0	11078.0	1075.0	2646.0	1285.0	7575.0	1195024.0	1575472.222988
sub-0016053	3649.0	3122.0	9105.0	3190.0	2058.0	11854.0	13100.0	13795.0	3225.0	11089.0	8973.0	6967.0	6681.0	14101.0	2870.0	4115.0	5984.0	3465.0	5603.0	1871.0	11172.0	3938.0	16111.0	12634.0	3873.0	20188.0	29934.0	17135.0	18040.0	19592.0	1614.0	3261.0	1465.0	9026.0	1275969.0	1704708.253496
sub-0021042	2639.0	1426.0	5272.0	3274.0	1728.0	8256.0	10923.0	9659.0	2710.0	13298.0	8036.0	7965.0	5133.0	11828.0	1851.0	4004.0	5353.0	2833.0	4125.0	2073.0	9101.0	2547.0	13295.0	11725.0	1587.0	20511.0	27507.0	14866.0	12596.0	14402.0	1392.0	2034.0	1628.0	5651.0	1020767.0	1388498.549421
sub-2950754	2992.0	1972.0	9703.0	4218.0	2314.0	12743.0	17015.0	15881.0	3627.0	15783.0	10390.0	9296.0	6279.0	15263.0	2548.0	4741.0	6568.0	3182.0	5679.0	3443.0	14640.0	4616.0	18369.0	15904.0	3033.0	22902.0	33919.0	18148.0	19557.0	18830.0	1295.0	3261.0	2359.0	9243.0	1412537.0	1902704.11979
sub-1050345	2313.0	2160.0	6521.0	3388.0	2449.0	12216.0	14911.0	18252.0	2752.0	14922.0	10011.0	5900.0	6608.0	13777.0	2710.0	4090.0	7121.0	3392.0	6588.0	1753.0	11448.0	3869.0	16212.0	11166.0	4019.0	21156.0	33211.0	16193.0	16316.0	15439.0	1470.0	2560.0	1399.0	8450.0	1277708.0	1709217.929732
sub-3048588	2425.0	1402.0	7758.0	3671.0	2050.0	9209.0	13249.0	15103.0	3271.0	12627.0	8521.0	7594.0	5674.0	14064.0	1785.0	4437.0	5206.0	2575.0	3258.0	2969.0	13156.0	2769.0	15282.0	12319.0	3287.0	18436.0	31173.0	15488.0	16401.0	11135.0	1268.0	1864.0	1341.0	8482.0	1184958.0	1656531.564508
sub-0015042	2967.0	1805.0	6562.0	3220.0	1571.0	8431.0	12040.0	10008.0	3084.0	12087.0	8537.0	7345.0	5670.0	13356.0	1923.0	3821.0	7029.0	3214.0	4561.0	2382.0	9928.0	3461.0	13887.0	11212.0	2248.0	19057.0	25787.0	13583.0	13583.0	13223.0	1157.0	1871.0	1039.0	6806.0	1086637.0	1442467.506671
sub-0015021	3288.0	1540.0	8475.0	3893.0	1939.0	13144.0	16406.0	12251.0	2670.0	17304.0	9316.0	8411.0	6267.0	11780.0	2701.0	4098.0	5701.0	3118.0	4228.0	2544.0	11321.0	4520.0	13303.0	11863.0	3652.0	17769.0	26020.0	15464.0	15549.0	11753.0	1137.0	2737.0	1355.0	8464.0	1122331.0	1487571.714336
sub-0021021	3734.0	2058.0	10351.0	3414.0	2060.0	11868.0	17012.0	15507.0	3831.0	13509.0	11459.0	7552.0	7311.0	18617.0	3091.0	4469.0	4946.0	3714.0	4683.0	1707.0	13753.0	4121.0	20867.0	14318.0	2770.0	22334.0	31748.0	20469.0	15655.0	17549.0	1565.0	2498.0	1589.0	7637.0	1429437.0	1970358.063935
sub-0010106	2697.0	1582.0	7612.0	2638.0	1221.0	8289.0	11512.0	9918.0	2879.0	13644.0	8167.0	7560.0	4778.0	11421.0	1961.0	4533.0	5710.0	3030.0	6252.0	1982.0	10346.0	3925.0	12818.0	11614.0	2268.0	21210.0	30026.0	14977.0	15852.0	14440.0	1366.0	1905.0	1544.0	6489.0	1095515.0	1476499.466927
sub-0021017	1905.0	1583.0	5679.0	2758.0	1122.0	8751.0	12384.0	12366.0	2716.0	11622.0	7797.0	5781.0	5303.0	11719.0	1598.0	3989.0	4080.0	2833.0	5668.0	1490.0	9035.0	3399.0	13004.0	10324.0	1545.0	18785.0	25130.0	15199.0	13062.0	11335.0	1167.0	2091.0	1068.0	5787.0	1005598.0	1391376.711812
sub-0021028	2825.0	1573.0	7710.0	3613.0	1903.0	9919.0	15198.0	12038.0	3329.0	14535.0	9589.0	7629.0	5513.0	12731.0	1663.0	4719.0	5137.0	2829.0	4128.0	2265.0	10922.0	3596.0	13322.0	11863.0	2191.0	17326.0	27531.0	16417.0	13006.0	13308.0	1513.0	2574.0	1381.0	6164.0	1103441.0	1469681.542102
sub-0015017	3133.0	1648.0	9446.0	4673.0	1928.0	11437.0	19468.0	14292.0	3444.0	16893.0	10173.0	9409.0	7338.0	14142.0	2769.0	3567.0	4905.0	3308.0	4661.0	2741.0	13571.0	3355.0	16171.0	12975.0	3141.0	23744.0	28468.0	19255.0	14581.0	10943.0	1732.0	3727.0	1225.0	7872.0	1265451.0	1683462.517017
sub-0010101	2175.0	1431.0	7160.0	3186.0	1176.0	7826.0	12072.0	10326.0	2918.0	13199.0	8005.0	6480.0	5061.0	10195.0	1688.0	4272.0	4787.0	2479.0	4321.0	2045.0	8484.0	3404.0	13143.0	12307.0	1763.0	16560.0	26493.0	16184.0	12798.0	10726.0	976.0	2155.0	859.0	5207.0	1016426.0	1361463.329523
sub-0015028	2623.0	2312.0	7816.0	3910.0	2033.0	13039.0	15860.0	12382.0	4394.0	15005.0	9016.0	9246.0	6328.0	13332.0	3297.0	3962.0	5572.0	2863.0	5385.0	2411.0	13920.0	3593.0	15733.0	12520.0	3692.0	21842.0	31067.0	17000.0	16519.0	14823.0	1403.0	2385.0	1681.0	8537.0	1216908.0	1608083.012364
sub-1093743	3281.0	1906.0	8042.0	3587.0	1811.0	10266.0	18135.0	15198.0	3986.0	15897.0	9396.0	7552.0	7085.0	17591.0	2237.0	4581.0	7953.0	3259.0	5807.0	2021.0	11759.0	4876.0	15023.0	15092.0	2907.0	21237.0	33213.0	18902.0	16997.0	15256.0	1575.0	2906.0	1496.0	9009.0	1295960.0	1778402.941974
sub-0015043	2430.0	1864.0	7702.0	3577.0	1631.0	9742.0	14782.0	13755.0	2742.0	12784.0	10878.0	6850.0	6491.0	14799.0	2329.0	4694.0	6999.0	3297.0	5751.0	1901.0	10160.0	3846.0	14109.0	11290.0	3422.0	18759.0	31422.0	17558.0	16719.0	13929.0	1245.0	3155.0	1879.0	8839.0	1207090.0	1621639.08197
sub-0015044	2667.0	1642.0	7039.0	3746.0	1548.0	11138.0	17846.0	12141.0	4028.0	15007.0	9388.0	9522.0	5389.0	12659.0	2299.0	4574.0	5786.0	3374.0	5064.0	2229.0	11306.0	3593.0	14752.0	12683.0	2353.0	23331.0	29337.0	16539.0	13953.0	9957.0	1513.0	2890.0	1148.0	6697.0	1174011.0	1562057.682792
sub-0016055	2620.0	1432.0	5639.0	4345.0	1715.0	11430.0	17957.0	13389.0	3460.0	16411.0	9461.0	8006.0	5964.0	12255.0	2326.0	3705.0	6664.0	3675.0	5171.0	2605.0	11610.0	3700.0	16313.0	13968.0	2444.0	21027.0	28892.0	19835.0	16233.0	12892.0	974.0	2786.0	1764.0	8242.0	1251152.0	1696909.571707
sub-6115230	2448.0	1935.0	6908.0	2991.0	1375.0	10554.0	12916.0	9951.0	2278.0	12579.0	8057.0	6564.0	4677.0	10462.0	2491.0	3717.0	4537.0	2717.0	4210.0	2129.0	10144.0	3696.0	13372.0	9860.0	2563.0	16212.0	24624.0	13070.0	12983.0	12236.0	1051.0	2005.0	1591.0	7152.0	1008110.0	1377092.159782
sub-4241194	3080.0	2020.0	7973.0	3259.0	1698.0	11982.0	15097.0	15754.0	3785.0	12721.0	10457.0	7728.0	6938.0	17672.0	2083.0	3521.0	5454.0	3364.0	5728.0	2170.0	10987.0	2801.0	16632.0	13162.0	3195.0	20193.0	26098.0	18150.0	13905.0	16821.0	1563.0	2111.0	1428.0	7389.0	1263079.0	1773765.983906
sub-4136226	2068.0	2166.0	5811.0	3436.0	1644.0	9878.0	15815.0	13627.0	2635.0	14935.0	8169.0	7869.0	5870.0	16015.0	2346.0	3328.0	5889.0	2738.0	5163.0	2586.0	10059.0	3710.0	12671.0	11223.0	3049.0	21466.0	21881.0	15062.0	15387.0	13120.0	1605.0	3522.0	1397.0	7012.0	1117600.0	1497685.188161
sub-1875013	2632.0	2301.0	7114.0	3769.0	1525.0	11484.0	14730.0	12030.0	3514.0	14631.0	9499.0	7500.0	5875.0	14422.0	2012.0	4085.0	3888.0	3089.0	4162.0	2832.0	11921.0	4840.0	15328.0	10599.0	2292.0	22291.0	28732.0	16144.0	14355.0	13974.0	1236.0	2164.0	1410.0	8878.0	1208612.0	1648608.820107
sub-0010123	2555.0	1802.0	6491.0	2852.0	1734.0	8961.0	11639.0	9934.0	3346.0	13726.0	8686.0	6586.0	5491.0	11988.0	2174.0	4127.0	4664.0	2849.0	3962.0	2225.0	11847.0	4089.0	13478.0	10741.0	2775.0	16677.0	28464.0	14419.0	13768.0	11157.0	1038.0	2197.0	935.0	6452.0	1156741.0	1627189.912081
sub-0015035	2882.0	2562.0	9528.0	3775.0	1884.0	10635.0	17848.0	15371.0	2591.0	15563.0	10181.0	6955.0	5997.0	16839.0	2534.0	4635.0	7529.0	3127.0	5167.0	2619.0	10800.0	4469.0	15746.0	13562.0	3852.0	23775.0	32572.0	19352.0	15169.0	16122.0	1340.0	2454.0	1338.0	7552.0	1317284.0	1725485.907189
sub-0025002	2647.0	2948.0	7858.0	4572.0	2291.0	11757.0	14456.0	13982.0	5919.0	14665.0	9742.0	9137.0	6306.0	13496.0	2951.0	4349.0	5599.0	2792.0	4007.0	3070.0	11726.0	3928.0	16196.0	12808.0	3399.0	19371.0	28721.0	16810.0	18091.0	15715.0	1084.0	2668.0	1787.0	8571.0	1353340.0	1892613.442741
sub-8409791	4418.0	1498.0	9092.0	3095.0	1639.0	11959.0	17024.0	15589.0	3188.0	15826.0	11175.0	6998.0	7239.0	12623.0	2167.0	4783.0	7139.0	3541.0	4922.0	1586.0	12907.0	3882.0	17635.0	11531.0	3445.0	20386.0	30539.0	17763.0	16184.0	14754.0	1413.0	2484.0	1580.0	8864.0	1313480.0	1794897.325611
sub-0021035	2722.0	2431.0	8937.0	3863.0	1600.0	9935.0	14959.0	15062.0	3155.0	13968.0	9849.0	7165.0	5474.0	14090.0	2034.0	4291.0	5161.0	3189.0	4952.0	2499.0	11720.0	4030.0	14301.0	11574.0	2443.0	19524.0	29588.0	16262.0	15938.0	13940.0	1309.0	2527.0	1405.0	7021.0	1257435.0	1714602.740092
sub-0015004	2785.0	1989.0	7553.0	4099.0	2064.0	11571.0	16673.0	13023.0	3166.0	13465.0	9065.0	8465.0	7120.0	12694.0	2048.0	4769.0	5073.0	3122.0	4044.0	2767.0	12176.0	3894.0	16051.0	14758.0	2868.0	18966.0	29656.0	18260.0	13237.0	14109.0	1410.0	2622.0	1294.0	6622.0	1111055.0	1500912.205862
sub-4219416	3128.0	1843.0	6271.0	2256.0	1665.0	8544.0	13666.0	10217.0	2900.0	12733.0	7382.0	7429.0	6140.0	14560.0	2082.0	4203.0	6077.0	2771.0	4555.0	1398.0	12202.0	3456.0	12850.0	11027.0	2375.0	14665.0	23715.0	14812.0	16590.0	13945.0	1126.0	1814.0	1630.0	7032.0	1003713.0	1355248.567302
sub-0010115	2474.0	2274.0	7435.0	3882.0	1598.0	10333.0	9903.0	12945.0	2484.0	11460.0	8120.0	7539.0	5667.0	11222.0	1791.0	4750.0	7873.0	2758.0	4865.0	2384.0	9484.0	3429.0	13713.0	10496.0	3011.0	19331.0	29704.0	13562.0	14122.0	12964.0	1166.0	2941.0	1429.0	6685.0	1103559.0	1471947.972271
sub-0016047	2907.0	2135.0	9249.0	3500.0	1932.0	8493.0	14480.0	12522.0	3300.0	12463.0	8702.0	8268.0	5980.0	11894.0	2321.0	4536.0	5524.0	2686.0	4076.0	2833.0	12870.0	4045.0	15395.0	12983.0	3802.0	19230.0	26341.0	15950.0	13728.0	11922.0	1368.0	2889.0	1796.0	6638.0	1216760.0	1586231.168623
sub-0016078	3382.0	2285.0	7899.0	3425.0	1800.0	9970.0	14622.0	12823.0	2467.0	12274.0	10560.0	7449.0	7431.0	13695.0	2087.0	4292.0	6012.0	3324.0	4592.0	2348.0	11239.0	3717.0	18793.0	10711.0	2899.0	20356.0	26468.0	13864.0	16361.0	13177.0	1219.0	3312.0	1218.0	7793.0	1268986.0	1721061.725067
sub-0015051	1965.0	1900.0	7740.0	3841.0	2083.0	8958.0	15040.0	12146.0	3353.0	14778.0	9030.0	8094.0	6865.0	10582.0	2259.0	3767.0	6299.0	2983.0	4561.0	2453.0	13462.0	3502.0	14958.0	11239.0	3612.0	20868.0	26815.0	13091.0	13060.0	11349.0	2182.0	1825.0	1345.0	8021.0	1126703.0	1530940.525974
sub-0016071	1808.0	1754.0	7310.0	3091.0	1565.0	7308.0	10804.0	12019.0	2981.0	10468.0	8260.0	6222.0	5026.0	11890.0	2255.0	3061.0	4544.0	2763.0	3428.0	2559.0	9434.0	2738.0	12429.0	10132.0	2909.0	15748.0	23116.0	13315.0	10533.0	10467.0	989.0	2627.0	1130.0	5894.0	948276.0	1317789.755209
sub-0010113	1821.0	1654.0	6931.0	2917.0	1447.0	7917.0	10082.0	10356.0	2878.0	10562.0	8496.0	6549.0	5426.0	9758.0	2123.0	3459.0	4544.0	2453.0	4599.0	2190.0	10740.0	3229.0	14055.0	9105.0	2660.0	14523.0	22894.0	12034.0	12631.0	12053.0	1206.0	2118.0	1200.0	6058.0	1034040.0	1391994.539692
sub-0015005	2519.0	1803.0	6567.0	4492.0	2144.0	8258.0	12591.0	14540.0	2386.0	14230.0	8298.0	6787.0	6084.0	13511.0	2082.0	4496.0	5455.0	2874.0	4031.0	2388.0	10632.0	3221.0	16444.0	10269.0	2685.0	16112.0	28901.0	15883.0	13583.0	12631.0	1321.0	3148.0	1450.0	7170.0	1183397.0	1575049.332783
sub-6500128	2613.0	2895.0	6379.0	4047.0	2164.0	11883.0	14676.0	15274.0	3697.0	14516.0	11097.0	9796.0	6433.0	16096.0	2646.0	4304.0	4827.0	2945.0	3736.0	2710.0	11302.0	4753.0	17481.0	13698.0	4330.0	18435.0	27575.0	18863.0	18628.0	17454.0	1378.0	2143.0	1871.0	9342.0	1232524.0	1670135.243421
sub-0015033	3957.0	1875.0	8966.0	3662.0	2056.0	12046.0	17008.0	12025.0	4052.0	14699.0	10453.0	8584.0	6733.0	16508.0	2206.0	4650.0	6479.0	3392.0	5369.0	2526.0	14140.0	4045.0	17568.0	12848.0	4567.0	20855.0	33875.0	18691.0	17935.0	14508.0	1369.0	2677.0	1702.0	8787.0	1238831.0	1652957.269183
sub-0010122	1674.0	3201.0	7982.0	3889.0	2364.0	12026.0	13736.0	14731.0	3961.0	16926.0	9307.0	10446.0	5852.0	14348.0	2951.0	4374.0	5543.0	2979.0	4929.0	3248.0	13122.0	4387.0	23106.0	10420.0	3185.0	22187.0	30302.0	14659.0	18687.0	13838.0	1528.0	3557.0	1619.0	7825.0	1415759.0	1938744.631428
sub-0015034	3318.0	2707.0	8790.0	4245.0	2188.0	10634.0	18646.0	12300.0	3188.0	15325.0	10633.0	9367.0	6287.0	16319.0	2770.0	4387.0	6197.0	3067.0	5901.0	3122.0	13364.0	4507.0	18516.0	13490.0	3884.0	20239.0	32349.0	17626.0	16062.0	15277.0	1548.0	3204.0	1366.0	9330.0	1270118.0	1679829.896004
sub-0010050	2635.0	1504.0	9281.0	3626.0	1579.0	9326.0	12346.0	12316.0	2418.0	11693.0	9057.0	7587.0	5992.0	11305.0	1791.0	4533.0	5547.0	2251.0	4771.0	2311.0	9110.0	3085.0	15983.0	10985.0	2517.0	18168.0	32350.0	14137.0	13664.0	10742.0	1041.0	2198.0	1168.0	7293.0	1152329.0	1590464.237683
sub-0010068	2661.0	2107.0	9951.0	4490.0	1721.0	9694.0	17018.0	12635.0	3489.0	17725.0	10307.0	9592.0	8142.0	13994.0	2169.0	3818.0	5319.0	4467.0	5169.0	3241.0	13073.0	4743.0	18806.0	14524.0	2921.0	25889.0	35923.0	19116.0	16687.0	17514.0	1578.0	2704.0	1431.0	6999.0	1414846.0	1902804.70146
sub-1404738	2341.0	1333.0	5844.0	2781.0	2212.0	11189.0	11739.0	14097.0	2149.0	11098.0	8900.0	6244.0	5793.0	12336.0	1805.0	3733.0	5151.0	2749.0	4810.0	1880.0	11750.0	2973.0	14867.0	11350.0	2806.0	20235.0	28580.0	14582.0	15503.0	13488.0	1651.0	3217.0	1391.0	7009.0	1134805.0	1515856.960945
sub-9750701	1862.0	1599.0	7252.0	2694.0	1577.0	9116.0	14187.0	10959.0	2519.0	12581.0	8035.0	6659.0	5533.0	12938.0	1838.0	4559.0	4835.0	2323.0	4098.0	2078.0	8396.0	3060.0	14229.0	9862.0	1972.0	17943.0	28499.0	12952.0	12606.0	9171.0	1176.0	2302.0	1072.0	6156.0	1037746.0	1406548.831224
sub-4116166	3386.0	3072.0	7357.0	4179.0	1761.0	10851.0	19126.0	13833.0	3500.0	15995.0	11070.0	8457.0	6269.0	16597.0	1656.0	5309.0	6583.0	3752.0	5686.0	2675.0	13351.0	4046.0	15652.0	13896.0	3545.0	20539.0	26337.0	18034.0	14413.0	11391.0	1575.0	2424.0	1154.0	6824.0	1245687.0	1645875.805036
sub-0010092	2853.0	2242.0	6787.0	3204.0	1003.0	7512.0	11009.0	7548.0	2785.0	11290.0	7133.0	7310.0	5168.0	9794.0	1902.0	3552.0	4523.0	2376.0	3668.0	2516.0	9073.0	3558.0	12313.0	10055.0	1803.0	16037.0	22666.0	13363.0	11981.0	11492.0	1323.0	1851.0	1161.0	5438.0	1053362.0	1517329.866762
sub-0010035	2833.0	2274.0	10778.0	3534.0	1801.0	10418.0	14831.0	13333.0	3213.0	14481.0	10322.0	6480.0	6053.0	13847.0	1594.0	4821.0	5438.0	2832.0	5275.0	2238.0	16233.0	3928.0	17523.0	11743.0	3134.0	22223.0	31066.0	16747.0	13154.0	15757.0	1282.0	2253.0	1454.0	7046.0	1183507.0	1552151.415442
sub-0010003	1270.0	1037.0	5237.0	4195.0	805.0	5831.0	9392.0	4162.0	2301.0	11080.0	3117.0	5489.0	3403.0	5238.0	1235.0	3825.0	3625.0	1652.0	3387.0	1753.0	8253.0	1855.0	10560.0	7213.0	1228.0	10394.0	18806.0	10945.0	7786.0	10142.0	629.0	743.0	792.0	3934.0	759617.0	1201864.098078
sub-0010004	1516.0	1568.0	4665.0	2875.0	1192.0	8386.0	12042.0	8020.0	2487.0	8896.0	6518.0	6731.0	4944.0	8009.0	2373.0	2961.0	5199.0	2146.0	4365.0	1871.0	8137.0	2623.0	11032.0	8612.0	1592.0	15265.0	20872.0	12249.0	10848.0	10097.0	1101.0	2069.0	997.0	5264.0	903754.0	1259168.465611
sub-0010093	1756.0	1500.0	6463.0	2496.0	1401.0	7782.0	10699.0	9706.0	1701.0	9435.0	6713.0	6044.0	5124.0	9084.0	1779.0	4311.0	3630.0	2202.0	3606.0	1808.0	8172.0	2627.0	11760.0	8952.0	2131.0	14712.0	24703.0	12158.0	12070.0	9762.0	1088.0	2057.0	1200.0	5138.0	955930.0	1294989.833168
sub-0010067	1441.0	1544.0	6122.0	3293.0	940.0	6399.0	11500.0	6521.0	2720.0	12360.0	6874.0	5071.0	4844.0	9813.0	2296.0	4997.0	4957.0	2826.0	3812.0	2920.0	11574.0	3256.0	15510.0	9966.0	2523.0	18055.0	27637.0	15074.0	14704.0	9963.0	1642.0	1387.0	1334.0	6042.0	944013.0	1726074.940603
sub-0010058	2866.0	3008.0	7211.0	3269.0	1337.0	11421.0	12146.0	11574.0	2772.0	12101.0	9742.0	7357.0	5523.0	13368.0	1545.0	4270.0	7511.0	2867.0	4975.0	1895.0	12425.0	4278.0	15731.0	13524.0	3262.0	21178.0	28751.0	16652.0	17301.0	16593.0	1404.0	2310.0	1277.0	6465.0	1256986.0	1691810.102852
sub-8387093	3082.0	2372.0	7456.0	3566.0	1844.0	12140.0	15761.0	13464.0	3350.0	14004.0	8911.0	6893.0	6089.0	12797.0	2850.0	3456.0	5507.0	2632.0	3210.0	1839.0	14247.0	3595.0	17285.0	11060.0	3436.0	17836.0	28858.0	14074.0	14642.0	15169.0	1153.0	2367.0	1515.0	8098.0	1229006.0	1701362.261925
sub-4084645	2402.0	1281.0	7922.0	2634.0	1183.0	7383.0	12901.0	8804.0	2615.0	12740.0	5799.0	5985.0	3702.0	10337.0	1700.0	4947.0	4650.0	1947.0	4031.0	1472.0	11583.0	2517.0	14505.0	11119.0	1331.0	15193.0	24445.0	14075.0	11378.0	9653.0	1244.0	1751.0	1235.0	5114.0	952315.0	1306681.008353
sub-0010069	2751.0	2324.0	7815.0	4579.0	1369.0	10995.0	14714.0	11987.0	3607.0	15597.0	8953.0	7769.0	6318.0	13628.0	1859.0	4261.0	4918.0	3154.0	5243.0	3298.0	12059.0	4738.0	16510.0	14065.0	2994.0	22747.0	26477.0	17304.0	15732.0	15527.0	1173.0	2081.0	1271.0	6956.0	1338835.0	1864284.398864
sub-0010051	2650.0	1920.0	8136.0	3942.0	2636.0	11538.0	14279.0	11706.0	2579.0	12013.0	9613.0	9216.0	6292.0	14774.0	2145.0	4645.0	4369.0	3806.0	4878.0	3033.0	11623.0	3355.0	15510.0	12207.0	2475.0	21135.0	30844.0	16901.0	14719.0	12593.0	1358.0	2477.0	1310.0	7678.0	1266001.0	1681064.043103
sub-0010005	2128.0	1864.0	7144.0	3089.0	1214.0	7577.0	13606.0	9741.0	2505.0	13063.0	7562.0	7494.0	5559.0	11515.0	1677.0	4361.0	5946.0	2891.0	4359.0	2485.0	11916.0	2851.0	16045.0	9053.0	2006.0	24722.0	31605.0	12055.0	13335.0	9353.0	1487.0	2440.0	1131.0	6361.0	1133062.0	1597457.188079
sub-4016887	2928.0	2928.0	8396.0	3394.0	2314.0	10605.0	20817.0	16736.0	3449.0	15504.0	10555.0	7064.0	6936.0	18695.0	2307.0	5485.0	6465.0	3575.0	4759.0	2522.0	13502.0	4869.0	16897.0	14752.0	3134.0	24013.0	31825.0	17338.0	17668.0	14427.0	1854.0	2681.0	1954.0	9037.0	1289772.0	1701944.154433
sub-7407032	3029.0	2290.0	7188.0	3246.0	2050.0	12714.0	16708.0	16321.0	3283.0	16316.0	9670.0	8614.0	6852.0	14780.0	2273.0	4242.0	8348.0	3658.0	5418.0	1973.0	14279.0	4130.0	15994.0	12836.0	3883.0	19642.0	29512.0	13984.0	15436.0	14395.0	1268.0	2540.0	1714.0	7721.0	1332657.0	1857824.86889
sub-0010002	2510.0	1554.0	5083.0	3568.0	1543.0	8228.0	11071.0	8763.0	2295.0	11883.0	7959.0	7761.0	5354.0	8957.0	1698.0	3998.0	6295.0	2913.0	4770.0	2351.0	9071.0	2810.0	12066.0	8387.0	2597.0	19597.0	26355.0	10917.0	15898.0	11820.0	1532.0	3247.0	1213.0	5835.0	1031236.0	1411428.512144
sub-0023012	2169.0	2017.0	6391.0	3394.0	1794.0	11335.0	14560.0	12953.0	2835.0	14784.0	8904.0	7352.0	5473.0	14773.0	2784.0	4008.0	6342.0	3044.0	3273.0	2294.0	9928.0	3571.0	14418.0	11351.0	3054.0	18246.0	29905.0	14188.0	16036.0	10387.0	1172.0	2561.0	1461.0	7071.0	1139467.0	1521041.460735
sub-4075719	2662.0	1681.0	9175.0	3499.0	1705.0	12015.0	14331.0	15494.0	4424.0	14114.0	9995.0	7399.0	5467.0	18270.0	1942.0	4117.0	5231.0	2759.0	5200.0	2262.0	12037.0	4048.0	17064.0	12741.0	2781.0	20551.0	30096.0	19345.0	18189.0	13809.0	1406.0	2144.0	1598.0	8141.0	1269787.0	1695669.476279
sub-8915162	3070.0	2364.0	6690.0	3620.0	1242.0	9007.0	18617.0	12204.0	3239.0	14621.0	7529.0	8677.0	4769.0	11783.0	1926.0	5123.0	5322.0	3122.0	4679.0	2630.0	10967.0	4178.0	14941.0	12724.0	2531.0	22020.0	29541.0	17575.0	13735.0	12532.0	1246.0	1887.0	1202.0	6720.0	1248573.0	1780780.394299
sub-0010034	2883.0	1966.0	10476.0	3841.0	1421.0	10958.0	15438.0	8824.0	2801.0	14596.0	10300.0	8445.0	6182.0	12857.0	1610.0	4906.0	5740.0	3713.0	5830.0	2521.0	11338.0	2703.0	16261.0	11041.0	3179.0	22250.0	33785.0	16118.0	15954.0	12150.0	1520.0	2458.0	1348.0	7056.0	1257068.0	1678430.327753
sub-0010033	3231.0	1876.0	7059.0	3024.0	1569.0	9335.0	17047.0	12380.0	3845.0	14632.0	8767.0	7050.0	5123.0	14036.0	2137.0	4586.0	5259.0	2877.0	4274.0	1480.0	12484.0	3417.0	15619.0	12825.0	2687.0	18859.0	27272.0	14966.0	13286.0	15086.0	1347.0	2259.0	1451.0	6583.0	1154368.0	1555279.539642
sub-2208591	2371.0	1769.0	7358.0	2783.0	1715.0	8735.0	10051.0	11639.0	2257.0	11176.0	7060.0	6028.0	5628.0	12846.0	2135.0	4387.0	4596.0	2388.0	3256.0	1750.0	13606.0	3040.0	14553.0	8427.0	2798.0	20684.0	25564.0	10802.0	13894.0	8881.0	1164.0	2162.0	1358.0	7359.0	1109198.0	1480942.964439
sub-2756846	3319.0	1930.0	7526.0	2403.0	1370.0	9472.0	11608.0	12196.0	2657.0	12744.0	9802.0	5815.0	6187.0	10018.0	1753.0	3552.0	5555.0	2987.0	4112.0	1938.0	10518.0	3326.0	15080.0	8876.0	2812.0	20754.0	25384.0	13787.0	14314.0	14183.0	1295.0	2332.0	1119.0	6928.0	1111289.0	1518505.738658
sub-9499804	1886.0	2200.0	7550.0	3762.0	1972.0	11411.0	12459.0	14861.0	2711.0	13101.0	9770.0	6683.0	6589.0	12883.0	2940.0	3918.0	6673.0	3326.0	4948.0	3118.0	11185.0	4129.0	15386.0	13450.0	3642.0	21038.0	27043.0	17085.0	14310.0	12089.0	1465.0	2819.0	1294.0	7431.0	1149490.0	1503711.783926
sub-0010041	2723.0	1831.0	6437.0	3568.0	1590.0	10390.0	14172.0	11618.0	2888.0	14869.0	7682.0	7172.0	5086.0	12019.0	1898.0	4227.0	3997.0	3622.0	4579.0	2010.0	11023.0	3806.0	15678.0	11568.0	2113.0	21461.0	30659.0	16583.0	15535.0	14273.0	1263.0	2185.0	1241.0	6376.0	1191331.0	1605189.2844
sub-0023005	2501.0	1698.0	5775.0	2905.0	1444.0	8275.0	12079.0	11379.0	2555.0	9115.0	9409.0	5701.0	5138.0	12370.0	2097.0	4248.0	5272.0	2889.0	5866.0	2103.0	10174.0	3723.0	14652.0	10882.0	2768.0	18856.0	21780.0	14862.0	12347.0	15651.0	1019.0	1911.0	1548.0	7005.0	1051706.0	1408231.421599
sub-0010015	2361.0	1589.0	6965.0	3566.0	1252.0	5925.0	13564.0	8552.0	3282.0	14100.0	7930.0	7054.0	5640.0	12391.0	1835.0	4498.0	5575.0	3099.0	4296.0	2319.0	11019.0	2886.0	15802.0	13333.0	1790.0	19290.0	29025.0	18850.0	15711.0	14414.0	1385.0	1746.0	1390.0	5918.0	1126820.0	1650908.508106
sub-2074737	2929.0	2220.0	8773.0	4058.0	1665.0	11909.0	16812.0	15773.0	3642.0	15067.0	9746.0	7452.0	6648.0	14709.0	2213.0	4218.0	5549.0	3393.0	5530.0	2957.0	13065.0	4236.0	16017.0	12754.0	3286.0	21653.0	33110.0	16312.0	16597.0	16394.0	1677.0	2533.0	1563.0	8133.0	1289333.0	1729320.728513
sub-0027004	3006.0	2270.0	11269.0	4108.0	2815.0	12149.0	18445.0	15997.0	5024.0	15735.0	9545.0	7298.0	6331.0	14436.0	2765.0	4820.0	6650.0	3192.0	4296.0	2319.0	17016.0	4591.0	20370.0	13999.0	3085.0	20914.0	34543.0	16237.0	19126.0	15675.0	1360.0	2093.0	2142.0	8143.0	1297999.0	1766201.866882
sub-0010024	3402.0	2267.0	7814.0	3957.0	2066.0	10864.0	16787.0	15061.0	3463.0	11417.0	10161.0	8277.0	6946.0	14535.0	2601.0	5944.0	5926.0	2985.0	5233.0	2713.0	11801.0	3691.0	15276.0	13440.0	2416.0	24343.0	32910.0	18410.0	14321.0	15228.0	1591.0	2244.0	1238.0	7886.0	1315803.0	1798333.353851
sub-0010023	2233.0	2685.0	7121.0	3716.0	2067.0	9685.0	13567.0	12836.0	2844.0	13070.0	8956.0	5736.0	5448.0	10945.0	1916.0	3966.0	7789.0	2971.0	5280.0	2019.0	10697.0	4639.0	15768.0	10171.0	3148.0	18867.0	30110.0	14835.0	15148.0	11095.0	1525.0	3646.0	1443.0	7111.0	1204881.0	1668422.279126
sub-0010040	2997.0	1982.0	6435.0	2689.0	2023.0	9533.0	15318.0	12200.0	3566.0	13368.0	9385.0	5911.0	5726.0	14432.0	1983.0	4701.0	4483.0	3212.0	4471.0	1969.0	10970.0	3277.0	13905.0	13006.0	2266.0	23291.0	25604.0	17000.0	13933.0	14853.0	1535.0	2218.0	1425.0	6168.0	1180686.0	1610381.554664
sub-0010078	3127.0	1480.0	7377.0	3955.0	1672.0	10132.0	17434.0	12829.0	3425.0	13872.0	10267.0	7411.0	5601.0	15436.0	1794.0	3893.0	5230.0	3638.0	4920.0	2347.0	13506.0	3051.0	14444.0	13313.0	2118.0	22123.0	26334.0	18512.0	15391.0	14411.0	1983.0	2617.0	1359.0	6822.0	1227594.0	1669617.709752
sub-0010071	2130.0	1542.0	4544.0	3651.0	1321.0	8499.0	13219.0	12980.0	3234.0	11732.0	8182.0	6298.0	5426.0	10258.0	1756.0	3622.0	4278.0	2897.0	4408.0	2576.0	8624.0	3293.0	12711.0	10810.0	1790.0	19958.0	27636.0	13131.0	15757.0	10190.0	989.0	2247.0	1301.0	6280.0	1072098.0	1432619.606029
sub-0010085	2141.0	2207.0	6224.0	3087.0	1280.0	8105.0	14922.0	10126.0	2212.0	13033.0	9180.0	6471.0	5326.0	11198.0	1950.0	4136.0	4248.0	2868.0	5034.0	1994.0	8888.0	3578.0	15325.0	9989.0	2132.0	18498.0	26854.0	14042.0	13725.0	11613.0	1410.0	2004.0	1331.0	6115.0	1014419.0	1384996.246914
sub-0010049	3022.0	1836.0	7097.0	3450.0	2017.0	10755.0	16236.0	13182.0	4116.0	14418.0	9414.0	8500.0	5632.0	15039.0	1850.0	4652.0	7069.0	3363.0	5585.0	2595.0	11011.0	4173.0	14156.0	12806.0	3072.0	18494.0	25984.0	16450.0	15919.0	13925.0	1597.0	2908.0	1270.0	6472.0	1148853.0	1541497.217699
sub-0010076	2234.0	1589.0	6500.0	2237.0	1772.0	9409.0	12160.0	10736.0	2943.0	10791.0	7826.0	5847.0	4886.0	11923.0	2152.0	3193.0	4537.0	2445.0	3773.0	1633.0	9042.0	3270.0	12908.0	9228.0	2005.0	15584.0	27071.0	11190.0	14163.0	10633.0	1274.0	2691.0	1252.0	6111.0	972450.0	1342860.033406
sub-0010022	3089.0	3102.0	7193.0	4124.0	1890.0	12502.0	18136.0	12221.0	4644.0	14390.0	7933.0	8559.0	6983.0	14025.0	2651.0	4569.0	6054.0	3497.0	4862.0	2782.0	13702.0	4523.0	15119.0	14955.0	2508.0	18272.0	21438.0	22725.0	19483.0	14753.0	1742.0	2605.0	1820.0	7160.0	1250629.0	1839389.471995
sub-2996531	2496.0	1733.0	9031.0	3019.0	1881.0	10621.0	12607.0	14087.0	3211.0	14510.0	11053.0	8636.0	6736.0	13621.0	1884.0	3991.0	5846.0	2976.0	4991.0	2176.0	13072.0	3890.0	16383.0	13753.0	2982.0	19818.0	29263.0	16918.0	15624.0	15411.0	1434.0	2277.0	1928.0	7268.0	1311050.0	1783444.244695
sub-0027005	2534.0	1901.0	6845.0	3122.0	1986.0	10177.0	10325.0	11700.0	2244.0	13831.0	8468.0	5820.0	5451.0	9901.0	2127.0	4047.0	5090.0	2363.0	4684.0	2339.0	10374.0	3597.0	14169.0	10027.0	2343.0	15943.0	26617.0	13943.0	15343.0	10707.0	1279.0	2698.0	1478.0	7312.0	1048905.0	1506119.589377
sub-0010013	1036.0	1879.0	6122.0	4443.0	1351.0	3574.0	8578.0	4171.0	2197.0	26535.0	8667.0	4972.0	3335.0	5728.0	2118.0	5825.0	4393.0	1867.0	2852.0	2611.0	15608.0	2421.0	16165.0	8853.0	1408.0	11236.0	22792.0	15229.0	3726.0	5019.0	961.0	201.0	294.0	5068.0	903479.0	1472697.438304
sub-0015048	2127.0	2340.0	9765.0	3311.0	1714.0	12537.0	13265.0	8692.0	2878.0	15918.0	10062.0	8160.0	5393.0	11449.0	2321.0	4754.0	4803.0	3355.0	4891.0	2509.0	12895.0	3553.0	17477.0	10977.0	3265.0	19414.0	31215.0	17983.0	15799.0	12671.0	1420.0	2313.0	1490.0	8064.0	1138789.0	1491867.125718
sub-0016050	3781.0	2596.0	9647.0	3640.0	1997.0	10079.0	12808.0	11400.0	3966.0	14420.0	10713.0	8592.0	6320.0	12556.0	2614.0	4763.0	7011.0	2975.0	5295.0	2600.0	12958.0	5135.0	19742.0	12665.0	3247.0	20772.0	27972.0	16763.0	18135.0	17931.0	1374.0	2686.0	1965.0	10091.0	1342360.0	1764602.150173
sub-1502229	3155.0	2461.0	8273.0	3814.0	2134.0	12066.0	15341.0	12711.0	3452.0	13465.0	9255.0	7766.0	5651.0	14615.0	2545.0	4509.0	6135.0	3139.0	4688.0	2046.0	12262.0	4263.0	17666.0	15005.0	4059.0	21060.0	26465.0	18439.0	16466.0	14995.0	1525.0	2947.0	1712.0	8274.0	1203955.0	1586598.313299
sub-0015041	2529.0	1734.0	7807.0	4244.0	1982.0	10964.0	13777.0	12344.0	2944.0	13393.0	9155.0	7461.0	6875.0	14590.0	2323.0	4320.0	4721.0	3266.0	3996.0	2643.0	10721.0	3879.0	17504.0	10438.0	3458.0	19483.0	27526.0	15271.0	16317.0	12655.0	1469.0	2357.0	1337.0	7942.0	1256359.0	1702915.688415
sub-0021046	3478.0	1664.0	7558.0	3670.0	1349.0	11289.0	17680.0	12652.0	2896.0	16106.0	9770.0	6669.0	6248.0	14511.0	1522.0	4182.0	5796.0	3864.0	5452.0	1967.0	11797.0	3654.0	15742.0	13326.0	2439.0	24508.0	31108.0	16788.0	17794.0	10358.0	1474.0	2270.0	1633.0	7203.0	1192997.0	1629175.481348
sub-0021041	2708.0	1702.0	6763.0	2963.0	1449.0	9221.0	13900.0	11150.0	2243.0	13245.0	7925.0	8531.0	6080.0	12268.0	1647.0	5849.0	6858.0	2618.0	5061.0	2108.0	9486.0	3249.0	17674.0	13134.0	2880.0	19074.0	26503.0	16656.0	15287.0	15489.0	1610.0	1967.0	1259.0	6391.0	1144376.0	1509436.770806
sub-0010104	3022.0	1743.0	8211.0	3145.0	1906.0	10630.0	14021.0	14322.0	3190.0	11747.0	11205.0	6596.0	6370.0	15486.0	2432.0	4469.0	7566.0	3922.0	7144.0	2071.0	13822.0	4372.0	16668.0	12869.0	2894.0	21014.0	32952.0	19917.0	18350.0	18497.0	1693.0	2741.0	1577.0	9140.0	1354434.0	1844081.656525
sub-0015015	1891.0	1433.0	7996.0	3409.0	2033.0	9041.0	11250.0	11911.0	2666.0	12643.0	8256.0	6838.0	4855.0	10858.0	2040.0	3850.0	5816.0	3011.0	5083.0	2540.0	10603.0	2916.0	13701.0	11256.0	2743.0	17695.0	27221.0	14971.0	13932.0	11080.0	1304.0	2539.0	1617.0	7521.0	948440.0	1244951.263338
sub-0010103	2749.0	1781.0	8811.0	3621.0	1565.0	10773.0	16340.0	15096.0	2685.0	12195.0	8646.0	6784.0	5946.0	14636.0	1659.0	4407.0	4659.0	2620.0	3050.0	2055.0	11760.0	3764.0	15346.0	11888.0	2301.0	19164.0	30748.0	16690.0	16078.0	14202.0	1612.0	2528.0	1218.0	5749.0	1197593.0	1649946.415928
sub-5971050	2321.0	1430.0	8811.0	3308.0	1313.0	8860.0	13066.0	10456.0	2566.0	12720.0	8482.0	6606.0	4867.0	11698.0	1614.0	4018.0	4025.0	2877.0	4183.0	1981.0	11004.0	3973.0	15784.0	12562.0	1668.0	19156.0	28459.0	17891.0	12426.0	14241.0	1014.0	1994.0	927.0	5363.0	1069494.0	1445786.051912
sub-0025014	2940.0	1731.0	7302.0	2949.0	1914.0	10039.0	13293.0	11869.0	2715.0	12834.0	9273.0	5933.0	5299.0	13956.0	2206.0	4286.0	3790.0	2733.0	4235.0	2108.0	10551.0	3858.0	16226.0	10125.0	3080.0	20134.0	25995.0	14093.0	16865.0	11962.0	1328.0	2498.0	1635.0	7414.0	1100902.0	1478780.433432
sub-0015023	2546.0	1301.0	6303.0	4889.0	1730.0	9489.0	13376.0	11632.0	3208.0	16752.0	9055.0	7690.0	4795.0	11237.0	2367.0	4018.0	5617.0	3449.0	4364.0	2694.0	11522.0	2962.0	14156.0	11127.0	2750.0	21520.0	28254.0	16910.0	15152.0	11977.0	1164.0	2137.0	1475.0	7232.0	1064538.0	1394591.658788
sub-3560456	2484.0	1698.0	5454.0	2735.0	1685.0	8726.0	11715.0	9066.0	2811.0	11118.0	7392.0	5831.0	5730.0	11776.0	2242.0	3646.0	4610.0	2292.0	4063.0	1920.0	8976.0	2801.0	11419.0	9363.0	2236.0	12264.0	20611.0	10579.0	11607.0	8359.0	1362.0	1348.0	1307.0	6322.0	898976.0	1354002.724299
sub-0015024	3008.0	1877.0	7879.0	4606.0	1905.0	12029.0	15655.0	13849.0	4070.0	15289.0	9287.0	8236.0	6265.0	14491.0	2059.0	4324.0	6784.0	3299.0	4648.0	2381.0	13020.0	4511.0	15406.0	13697.0	3787.0	24555.0	29862.0	18362.0	16116.0	13605.0	1741.0	2466.0	1832.0	8064.0	1202962.0	1595519.627099
sub-0021023	2323.0	1871.0	8259.0	3038.0	1392.0	10398.0	13155.0	11083.0	3167.0	12259.0	8567.0	8141.0	5253.0	10342.0	1846.0	4026.0	5172.0	3201.0	4147.0	2042.0	10694.0	3568.0	14554.0	12410.0	2116.0	18479.0	24657.0	16091.0	14181.0	12860.0	1230.0	2792.0	1384.0	5939.0	1077991.0	1450618.356487
sub-0015040	2877.0	3424.0	7471.0	4583.0	1674.0	12828.0	17219.0	12400.0	3702.0	17477.0	12522.0	9517.0	7080.0	15714.0	2054.0	4500.0	6621.0	3483.0	6315.0	3404.0	10834.0	4140.0	17851.0	12317.0	3903.0	21500.0	25636.0	13423.0	16417.0	11665.0	1367.0	2164.0	1421.0	9067.0	1268920.0	1729302.611806
sub-0015049	3459.0	2261.0	7935.0	5052.0	2331.0	12448.0	20220.0	11424.0	4215.0	19403.0	11384.0	10737.0	6750.0	15487.0	2136.0	4546.0	5698.0	3782.0	5961.0	3460.0	12563.0	3717.0	16803.0	13310.0	4014.0	24953.0	32884.0	16513.0	17590.0	14925.0	1335.0	3660.0	1682.0	9695.0	1331197.0	1754432.03814
sub-4053388	4109.0	2842.0	9343.0	3898.0	1671.0	10853.0	16844.0	14261.0	4735.0	14538.0	9758.0	7913.0	5784.0	16498.0	2176.0	4579.0	5599.0	2901.0	4718.0	2450.0	12929.0	4958.0	15559.0	10916.0	3272.0	20525.0	29040.0	13716.0	17970.0	15406.0	1496.0	2497.0	1687.0	9004.0	1178326.0	1579697.003714
sub-4134561	4261.0	4254.0	10226.0	4870.0	1684.0	12633.0	19754.0	15563.0	3032.0	18909.0	10388.0	9545.0	7841.0	17563.0	2043.0	4533.0	8527.0	3499.0	6406.0	3230.0	15240.0	4425.0	19118.0	11522.0	4753.0	21040.0	38176.0	16433.0	23403.0	9965.0	1610.0	1910.0	2288.0	8544.0	1431923.0	1942238.032312
sub-8991934	1865.0	2907.0	8334.0	2976.0	1653.0	11001.0	13483.0	14170.0	2866.0	13658.0	8712.0	6487.0	5604.0	11162.0	1963.0	3917.0	5161.0	2752.0	4569.0	2439.0	11941.0	3065.0	15279.0	13045.0	3923.0	18310.0	25034.0	16387.0	14532.0	13050.0	1101.0	2587.0	1501.0	7002.0	1156174.0	1608944.770616
sub-0021022	2119.0	1507.0	6309.0	3385.0	1390.0	10051.0	11005.0	11229.0	2552.0	12767.0	7076.0	7592.0	4798.0	10738.0	1674.0	4053.0	4016.0	2553.0	4130.0	2467.0	10279.0	2842.0	14181.0	11166.0	1938.0	19013.0	26554.0	14185.0	14937.0	12180.0	1413.0	1985.0	1080.0	4955.0	966507.0	1265760.535106
sub-0015025	2806.0	2857.0	8762.0	3142.0	1741.0	11232.0	13839.0	9805.0	2609.0	13447.0	9332.0	6613.0	5996.0	13109.0	2236.0	5366.0	6657.0	3655.0	6055.0	1887.0	12748.0	4375.0	15451.0	11818.0	3226.0	22413.0	29772.0	15162.0	19189.0	16049.0	1568.0	2612.0	2013.0	8196.0	1145545.0	1514195.516875
sub-2601519	2044.0	2095.0	9265.0	3653.0	1743.0	11412.0	13329.0	13275.0	3214.0	12642.0	9093.0	6488.0	6750.0	14046.0	2246.0	4136.0	5266.0	2699.0	5116.0	2170.0	12611.0	4722.0	17209.0	11828.0	3336.0	23008.0	29958.0	19507.0	17149.0	14082.0	1457.0	2325.0	1482.0	7856.0	1240677.0	1701670.346053
sub-0015022	3804.0	2362.0	8571.0	3648.0	1817.0	10680.0	16524.0	14376.0	3129.0	13758.0	10388.0	8788.0	7052.0	13373.0	2216.0	4506.0	5317.0	2929.0	3323.0	2369.0	12167.0	3688.0	18739.0	14191.0	3063.0	18176.0	32837.0	18635.0	17346.0	17362.0	1167.0	2628.0	1541.0	7596.0	1265659.0	1656782.639791
sub-0021025	3287.0	1377.0	6111.0	2903.0	1331.0	7697.0	14159.0	9491.0	2964.0	12917.0	9512.0	7800.0	6118.0	11473.0	1845.0	4673.0	6255.0	4025.0	5667.0	2095.0	11022.0	3254.0	13769.0	12365.0	1712.0	19716.0	27808.0	17906.0	16754.0	15639.0	1456.0	2160.0	1479.0	6472.0	1144390.0	1533815.635411
sub-4265987	3103.0	2694.0	8850.0	2925.0	1729.0	10392.0	15932.0	15346.0	3896.0	12212.0	9383.0	7625.0	7223.0	16406.0	2141.0	4059.0	5052.0	2946.0	4518.0	2243.0	12476.0	5081.0	17023.0	13469.0	3824.0	20859.0	31029.0	17835.0	15360.0	20244.0	1324.0	1979.0	1690.0	8115.0	1256852.0	1774257.639898
sub-0015014	3391.0	1660.0	9056.0	3463.0	1979.0	11441.0	17535.0	11822.0	2758.0	13450.0	9601.0	9627.0	6917.0	16329.0	2491.0	4515.0	5425.0	3150.0	5328.0	2273.0	13692.0	4038.0	15172.0	15346.0	2863.0	20882.0	29348.0	17920.0	16273.0	13981.0	1335.0	2840.0	1603.0	8140.0	1178912.0	1552839.891953
sub-0021013	2995.0	1829.0	9602.0	4169.0	1880.0	10597.0	14022.0	14926.0	4040.0	14219.0	10378.0	8717.0	6673.0	13730.0	1781.0	3892.0	5153.0	3811.0	4791.0	2977.0	13302.0	4416.0	15776.0	13977.0	2964.0	21240.0	30469.0	20331.0	15852.0	14940.0	1768.0	2651.0	1457.0	7230.0	1209414.0	1665664.147374
sub-3349423	3237.0	2215.0	9812.0	3982.0	2302.0	12809.0	19757.0	16969.0	3619.0	16070.0	11356.0	8855.0	6228.0	15500.0	2562.0	5193.0	7824.0	2874.0	6270.0	2560.0	12118.0	5690.0	18754.0	13935.0	3512.0	23224.0	33015.0	19325.0	16141.0	13304.0	1322.0	3597.0	1390.0	9595.0	1441157.0	1970172.303323
sub-0010102	2547.0	1860.0	8505.0	3322.0	1562.0	10960.0	15878.0	16055.0	3940.0	14764.0	7687.0	6472.0	5807.0	15558.0	1638.0	4114.0	5247.0	2486.0	4828.0	2063.0	12526.0	4162.0	15224.0	10848.0	2336.0	20318.0	30932.0	17050.0	14046.0	15397.0	1316.0	2970.0	1110.0	7127.0	1288105.0	1852794.285309
sub-0015013	2901.0	3327.0	9582.0	5385.0	1769.0	15285.0	17469.0	16311.0	3639.0	18604.0	11295.0	8929.0	6062.0	16465.0	2683.0	5354.0	5180.0	3908.0	4436.0	3455.0	15250.0	4975.0	19603.0	15115.0	4621.0	23155.0	35957.0	18401.0	18332.0	16224.0	1371.0	3430.0	2078.0	9567.0	1327632.0	1737457.82199
sub-0021009	2759.0	1670.0	6676.0	3113.0	1236.0	7575.0	13816.0	7895.0	2303.0	11568.0	9507.0	6654.0	5696.0	11737.0	2120.0	3877.0	6490.0	3130.0	5357.0	2508.0	9818.0	3444.0	14041.0	9981.0	2460.0	18083.0	26483.0	14504.0	13141.0	12442.0	1125.0	2334.0	1526.0	5467.0	1035080.0	1371560.362081
sub-3999344	2758.0	1267.0	7798.0	3334.0	1397.0	9446.0	15101.0	11711.0	2797.0	12219.0	9358.0	6883.0	5727.0	12247.0	2124.0	4867.0	4653.0	2688.0	4354.0	1570.0	12252.0	2958.0	14924.0	11621.0	2157.0	20858.0	25706.0	17600.0	13868.0	14208.0	1465.0	1903.0	1304.0	6470.0	1114613.0	1497712.365795
sub-0015036	2349.0	1662.0	6551.0	3034.0	2339.0	10130.0	11598.0	13282.0	2625.0	11670.0	8781.0	7207.0	6025.0	13345.0	2591.0	3306.0	4736.0	3327.0	4145.0	2487.0	12205.0	3313.0	15136.0	11334.0	2310.0	21203.0	27466.0	14494.0	15538.0	14423.0	1342.0	3220.0	1493.0	7654.0	1139752.0	1498126.603625
sub-0025001	2844.0	1626.0	5599.0	2414.0	1394.0	9626.0	11133.0	9535.0	2289.0	9576.0	7134.0	6076.0	4624.0	9620.0	1953.0	2907.0	4596.0	2072.0	4196.0	1810.0	8221.0	2901.0	12925.0	8060.0	1963.0	14781.0	21038.0	10071.0	13550.0	11231.0	1084.0	1721.0	1195.0	6414.0	915365.0	1251297.195394
sub-0010116	3290.0	1936.0	9000.0	3589.0	2068.0	11870.0	16287.0	14243.0	3510.0	16279.0	9536.0	9462.0	6988.0	15343.0	2305.0	3819.0	4958.0	2895.0	3894.0	3609.0	12987.0	3605.0	16531.0	11025.0	2829.0	18314.0	29030.0	13602.0	14622.0	11537.0	1442.0	3012.0	1229.0	7026.0	1284196.0	1748689.20535
sub-0015038	2753.0	1858.0	8057.0	3463.0	2262.0	11787.0	15649.0	12906.0	3754.0	12659.0	8849.0	7634.0	5232.0	12489.0	2672.0	4172.0	5432.0	3516.0	5513.0	2806.0	11926.0	3903.0	16853.0	13795.0	2756.0	20002.0	30141.0	20151.0	14741.0	16431.0	1465.0	2839.0	1540.0	9188.0	1261203.0	1690317.773505
sub-1208586	3103.0	1507.0	6371.0	3406.0	1424.0	8067.0	12687.0	10661.0	2680.0	11580.0	8917.0	7560.0	5239.0	11339.0	1900.0	3826.0	5669.0	2588.0	5283.0	2194.0	8732.0	2536.0	12842.0	9967.0	2809.0	18968.0	25062.0	14223.0	14905.0	13104.0	1054.0	1980.0	1206.0	8389.0	1132106.0	1582668.363087
sub-0010111	2528.0	1532.0	10126.0	3017.0	1545.0	9306.0	17938.0	9856.0	3629.0	14498.0	7972.0	7413.0	4937.0	12549.0	1644.0	3558.0	4312.0	3082.0	4585.0	2090.0	10787.0	3687.0	13736.0	11955.0	2590.0	21910.0	30172.0	17139.0	13691.0	14113.0	1774.0	1524.0	1502.0	7046.0	1143522.0	1559175.486239
sub-0016074	3393.0	1875.0	5800.0	2351.0	1845.0	8910.0	12785.0	10088.0	2361.0	9929.0	7203.0	4763.0	4914.0	10193.0	2286.0	3582.0	4659.0	2385.0	3854.0	1740.0	8530.0	2779.0	12779.0	8734.0	2283.0	15731.0	20602.0	12433.0	12756.0	11816.0	1123.0	2495.0	1067.0	6274.0	1030399.0	1387834.905927
sub-4046678	2502.0	2491.0	6884.0	3768.0	2319.0	10327.0	17506.0	15134.0	4144.0	13992.0	10818.0	7323.0	5598.0	13929.0	2625.0	3962.0	7359.0	3059.0	5894.0	2486.0	11010.0	4115.0	14993.0	14591.0	3814.0	20961.0	25599.0	18817.0	15167.0	16727.0	1312.0	2843.0	1906.0	8175.0	1205827.0	1633386.131668
sub-1696588	2309.0	735.0	6000.0	2869.0	1296.0	7973.0	13229.0	9744.0	3268.0	11664.0	5430.0	6901.0	5408.0	10906.0	1638.0	3554.0	4984.0	1876.0	4547.0	2222.0	9863.0	3245.0	11949.0	12374.0	1066.0	12830.0	21577.0	15401.0	10680.0	10757.0	1619.0	1311.0	982.0	5788.0	962325.0	1356059.511026
sub-3994098	3001.0	2732.0	7701.0	2525.0	1753.0	10431.0	14983.0	13829.0	3648.0	12954.0	8369.0	7752.0	4845.0	14110.0	2228.0	4518.0	5462.0	2593.0	4026.0	1730.0	10943.0	3822.0	14961.0	12675.0	3679.0	18953.0	25192.0	16597.0	13657.0	16541.0	1196.0	2186.0	1111.0	8206.0	1185068.0	1623664.192153
sub-0016045	2369.0	1810.0	7605.0	3663.0	1495.0	9518.0	10070.0	11144.0	2488.0	10172.0	9649.0	6749.0	6148.0	12086.0	2505.0	3427.0	4967.0	2817.0	4583.0	2311.0	8554.0	3742.0	13966.0	10090.0	2610.0	18073.0	25130.0	16050.0	13146.0	12932.0	1390.0	1882.0	1206.0	6620.0	1047801.0	1385082.526708
sub-8191384	3168.0	1693.0	7200.0	2363.0	1494.0	9698.0	12820.0	11540.0	2653.0	11266.0	9299.0	4810.0	5751.0	14716.0	1829.0	3759.0	6526.0	3088.0	5385.0	1395.0	11373.0	3616.0	13144.0	10205.0	3023.0	16857.0	24182.0	13406.0	14321.0	12202.0	1913.0	2813.0	1488.0	6616.0	1128683.0	1497598.583188
sub-1481430	3816.0	2607.0	8232.0	3686.0	2062.0	12047.0	16156.0	16667.0	3675.0	16510.0	11443.0	9840.0	5776.0	18336.0	2527.0	4869.0	8250.0	4061.0	7040.0	2489.0	12676.0	4859.0	16430.0	13790.0	3667.0	19883.0	32783.0	17438.0	18883.0	19185.0	1280.0	2678.0	1911.0	10362.0	1388274.0	1843595.471018
sub-0025009	2484.0	2197.0	6820.0	3335.0	1649.0	10864.0	16105.0	13768.0	3859.0	17468.0	11127.0	9916.0	6277.0	14718.0	3013.0	4549.0	8549.0	3719.0	6311.0	2656.0	13235.0	4424.0	16526.0	12748.0	3130.0	22577.0	30635.0	14388.0	17772.0	18308.0	1131.0	2957.0	2039.0	9859.0	1425211.0	1949827.897729
sub-0021006	1977.0	2384.0	10140.0	3759.0	1739.0	9282.0	15352.0	15073.0	3236.0	14623.0	9819.0	10715.0	6277.0	13172.0	1626.0	4984.0	5149.0	3313.0	4362.0	2958.0	11442.0	3428.0	15461.0	12992.0	2540.0	18948.0	27520.0	20002.0	13769.0	13344.0	1303.0	2078.0	1397.0	6511.0	1180522.0	1575212.388142
sub-0015008	2722.0	2170.0	7431.0	4426.0	1920.0	10942.0	14937.0	11293.0	3547.0	15539.0	10126.0	9283.0	5557.0	12705.0	2426.0	4508.0	6440.0	3431.0	5727.0	3284.0	12615.0	3894.0	16028.0	12165.0	3375.0	22063.0	29213.0	17052.0	17757.0	11121.0	1679.0	2690.0	2040.0	7872.0	1204403.0	1591369.815205
sub-0015037	2551.0	2133.0	6563.0	3739.0	2019.0	9997.0	12771.0	11318.0	3399.0	12464.0	10594.0	8420.0	5580.0	14798.0	2588.0	4124.0	7313.0	3636.0	4407.0	3205.0	12837.0	4057.0	17342.0	11952.0	3253.0	17148.0	27281.0	15431.0	17051.0	16981.0	1398.0	3029.0	1980.0	9700.0	1256135.0	1677088.163487
sub-0021030	3469.0	2385.0	6343.0	4079.0	1766.0	11080.0	15947.0	14807.0	3907.0	14550.0	9621.0	8454.0	5149.0	13600.0	2242.0	4432.0	5353.0	3159.0	5361.0	3120.0	11818.0	3875.0	14103.0	15045.0	2537.0	24104.0	29421.0	17413.0	15220.0	11842.0	1538.0	2702.0	1641.0	6569.0	1230447.0	1655228.707656
sub-0010119	2126.0	2894.0	4472.0	2316.0	1526.0	10713.0	15114.0	13234.0	2732.0	13599.0	6871.0	5906.0	5353.0	12195.0	1763.0	5627.0	5824.0	2989.0	5850.0	1497.0	8750.0	3987.0	12003.0	11915.0	3170.0	26263.0	29967.0	13130.0	15386.0	7998.0	2678.0	1866.0	1232.0	6329.0	1095413.0	1554457.586446
sub-0021008	3078.0	1480.0	8364.0	3328.0	1471.0	9847.0	12714.0	11717.0	2886.0	12464.0	6401.0	7230.0	4381.0	12204.0	1834.0	3859.0	5171.0	2643.0	4078.0	1824.0	12203.0	3980.0	13897.0	11630.0	2585.0	18830.0	26921.0	15972.0	14011.0	12651.0	1320.0	2289.0	1159.0	6780.0	1090455.0	1501891.030372
sub-0015030	2894.0	2216.0	7268.0	3597.0	1893.0	10105.0	14522.0	15404.0	2922.0	13267.0	8872.0	6397.0	5870.0	18716.0	2263.0	3918.0	5250.0	2829.0	4785.0	2070.0	11424.0	3541.0	14660.0	9777.0	3438.0	19805.0	29968.0	13383.0	14141.0	13742.0	1527.0	2895.0	1087.0	9058.0	1179397.0	1633118.268749
sub-0010126	2508.0	2514.0	8543.0	4894.0	2030.0	11963.0	15712.0	14896.0	4223.0	14931.0	10006.0	8125.0	5561.0	14264.0	2196.0	5838.0	6614.0	3400.0	5383.0	2840.0	14201.0	3724.0	16681.0	17245.0	2813.0	19821.0	31980.0	21966.0	16442.0	13925.0	1360.0	3000.0	1566.0	7768.0	1290726.0	1726140.211001
sub-4221029	2930.0	2096.0	6669.0	3790.0	1925.0	11265.0	17318.0	13203.0	3092.0	14401.0	9861.0	8030.0	6648.0	14129.0	2473.0	2968.0	8983.0	3177.0	7158.0	2842.0	10661.0	4245.0	13962.0	12648.0	4181.0	25143.0	28835.0	13179.0	16154.0	10443.0	1933.0	2861.0	1383.0	9103.0	1257421.0	1779907.781906
sub-4079254	2600.0	2267.0	7570.0	3742.0	1693.0	10635.0	15728.0	10971.0	3017.0	14048.0	11169.0	8175.0	6205.0	12814.0	1779.0	5783.0	5871.0	3429.0	4349.0	2439.0	13074.0	4090.0	16255.0	12678.0	3104.0	20152.0	29583.0	18914.0	14383.0	11981.0	1899.0	2224.0	1303.0	6275.0	1203121.0	1604969.52203
sub-0016086	3022.0	2498.0	8505.0	3363.0	2080.0	11733.0	13961.0	12574.0	3729.0	12406.0	10067.0	7002.0	6039.0	14607.0	2097.0	3879.0	6058.0	2980.0	4532.0	2460.0	12913.0	4353.0	16937.0	11019.0	3815.0	20671.0	25571.0	15806.0	16843.0	14444.0	1256.0	2445.0	1663.0	9198.0	1276094.0	1716478.419675
sub-0023026	2907.0	891.0	6500.0	3675.0	2027.0	8909.0	18278.0	12230.0	2796.0	11252.0	8724.0	7805.0	5084.0	13875.0	2049.0	4406.0	5810.0	2970.0	5536.0	2508.0	11823.0	2325.0	14133.0	11906.0	1356.0	17433.0	26753.0	17230.0	14840.0	12388.0	1382.0	2934.0	1628.0	9086.0	1019020.0	1377699.454814
sub-0010036	2883.0	1392.0	7979.0	4139.0	1177.0	8263.0	16928.0	11021.0	3143.0	15128.0	7492.0	8822.0	4568.0	12158.0	1922.0	5210.0	4318.0	2504.0	3936.0	3155.0	12753.0	3270.0	14691.0	12824.0	2561.0	20330.0	30212.0	17966.0	13173.0	10746.0	1622.0	1723.0	974.0	4874.0	1116463.0	1558252.379391
sub-7504392	2150.0	2119.0	7705.0	2303.0	2156.0	9148.0	13990.0	12448.0	2498.0	9192.0	7567.0	4497.0	5130.0	11469.0	2264.0	3321.0	5208.0	2920.0	3685.0	1314.0	9230.0	3360.0	13113.0	10177.0	2801.0	14613.0	22702.0	16138.0	12605.0	11244.0	993.0	2037.0	1323.0	6941.0	983604.0	1356207.161938
sub-9956994	2956.0	3016.0	8762.0	2944.0	2080.0	10020.0	12806.0	13970.0	3066.0	10820.0	8300.0	6308.0	6094.0	12509.0	2205.0	3888.0	4797.0	2275.0	3236.0	2431.0	10721.0	3555.0	14861.0	10930.0	2771.0	15076.0	23175.0	15893.0	11945.0	15087.0	972.0	3057.0	1232.0	6555.0	1133814.0	1529725.850146
sub-0027011	3268.0	2656.0	7962.0	2412.0	2006.0	11427.0	14922.0	15799.0	3351.0	13325.0	9709.0	7154.0	6816.0	14704.0	3289.0	4371.0	6294.0	3065.0	4983.0	1664.0	11046.0	3658.0	16624.0	11572.0	3601.0	22170.0	28666.0	14416.0	16719.0	16236.0	1279.0	3271.0	1734.0	9299.0	1427532.0	2031015.44529
sub-0010038	2048.0	1519.0	7117.0	3310.0	1698.0	10457.0	13621.0	13984.0	2867.0	12766.0	8450.0	5911.0	6040.0	12659.0	1973.0	4667.0	5762.0	2882.0	4837.0	2039.0	11262.0	3147.0	15797.0	12951.0	2181.0	18283.0	24428.0	17741.0	13710.0	17118.0	1518.0	2850.0	1793.0	6800.0	1133112.0	1526248.004289
sub-0027018	3849.0	1671.0	6918.0	2398.0	2621.0	8843.0	14301.0	13438.0	2860.0	12397.0	9089.0	6113.0	6235.0	12147.0	2851.0	3896.0	6340.0	2507.0	4238.0	1472.0	14032.0	3669.0	15091.0	9885.0	3480.0	16275.0	27166.0	12984.0	15884.0	14168.0	1176.0	2634.0	1168.0	7460.0	1261975.0	1765637.401198
sub-0010007	2113.0	1383.0	8209.0	3278.0	1638.0	7755.0	15391.0	11494.0	3121.0	14485.0	10324.0	8216.0	5626.0	12611.0	1515.0	5163.0	6386.0	3864.0	4836.0	2904.0	11739.0	3372.0	15336.0	13595.0	2365.0	17414.0	28465.0	16507.0	14820.0	13133.0	1233.0	2319.0	1485.0	6856.0	1125175.0	1497749.427796
sub-4919979	3214.0	2151.0	8427.0	3354.0	2023.0	13139.0	15976.0	13331.0	3762.0	15712.0	11111.0	8918.0	7229.0	12883.0	2340.0	6033.0	5370.0	3517.0	5424.0	2654.0	14878.0	3980.0	15521.0	14489.0	3511.0	21954.0	30184.0	19589.0	17011.0	21279.0	1490.0	3299.0	1924.0	8442.0	1342600.0	1863231.176475
sub-0027020	2507.0	1980.0	5721.0	2467.0	1643.0	8681.0	11436.0	9260.0	2082.0	10501.0	7972.0	5799.0	5408.0	10430.0	2005.0	3505.0	4606.0	2131.0	2989.0	2050.0	9541.0	2557.0	13124.0	9765.0	2943.0	13500.0	23066.0	11840.0	11956.0	12104.0	921.0	2149.0	1238.0	6414.0	1024536.0	1445331.857195
sub-0010054	3390.0	2029.0	7754.0	2216.0	1640.0	9279.0	13564.0	11700.0	1972.0	12708.0	8322.0	6385.0	5782.0	11490.0	2132.0	3970.0	5279.0	2690.0	4081.0	1821.0	9263.0	3429.0	14551.0	9077.0	2685.0	18298.0	21441.0	13573.0	11822.0	10312.0	1396.0	2740.0	1199.0	5076.0	1023434.0	1388663.615455
sub-4529116	3004.0	2430.0	6622.0	2773.0	1887.0	13608.0	13953.0	11927.0	3219.0	12376.0	9100.0	6808.0	5398.0	14406.0	2231.0	4041.0	4708.0	2565.0	4713.0	2240.0	12045.0	3157.0	15063.0	12583.0	3100.0	18514.0	27416.0	15581.0	15634.0	15003.0	1648.0	1913.0	1418.0	8247.0	1102594.0	1475677.76461
sub-0010091	3336.0	2542.0	7261.0	3759.0	1620.0	11325.0	16848.0	12486.0	3885.0	12642.0	8700.0	9270.0	5818.0	12078.0	1809.0	4293.0	5326.0	3680.0	4502.0	2521.0	10542.0	3812.0	15316.0	14263.0	2862.0	20360.0	24748.0	18524.0	13755.0	13272.0	1651.0	2428.0	1069.0	5156.0	1144122.0	1601842.314137
sub-0010096	3352.0	2088.0	9164.0	3909.0	1843.0	10258.0	15214.0	11820.0	2899.0	13599.0	9880.0	7957.0	5812.0	13819.0	1898.0	4213.0	4680.0	3422.0	5288.0	2572.0	12329.0	4674.0	16720.0	11917.0	2476.0	22589.0	34392.0	14901.0	17602.0	15102.0	1303.0	2306.0	1462.0	7861.0	1292306.0	1758056.436789
sub-0010062	2034.0	1350.0	8089.0	2524.0	1943.0	10342.0	13765.0	13903.0	3195.0	10825.0	8344.0	6178.0	5594.0	14143.0	2545.0	3685.0	4989.0	2924.0	5199.0	2107.0	10196.0	3521.0	15784.0	12649.0	2240.0	18271.0	28249.0	16198.0	16193.0	13512.0	1260.0	2565.0	1471.0	7566.0	1328274.0	1814577.647404
sub-3993793	3657.0	2332.0	6291.0	3476.0	1990.0	11979.0	16135.0	14493.0	4400.0	14623.0	8939.0	8788.0	7259.0	14557.0	2214.0	3897.0	5607.0	2492.0	5547.0	2623.0	12881.0	5545.0	15550.0	13491.0	2658.0	23718.0	31000.0	18267.0	16047.0	16383.0	1450.0	3395.0	1833.0	8079.0	1273226.0	1708691.2596
sub-0010039	2536.0	2009.0	8147.0	2488.0	1414.0	9558.0	15819.0	12142.0	2470.0	14145.0	7850.0	6727.0	5411.0	14685.0	1371.0	4781.0	5260.0	3287.0	3405.0	1729.0	9505.0	3144.0	16559.0	12544.0	2325.0	19916.0	28684.0	14600.0	15548.0	10384.0	1576.0	1595.0	1338.0	6273.0	1140274.0	1541011.568546
sub-5669389	2873.0	2560.0	8595.0	2600.0	1239.0	10938.0	13580.0	16598.0	3176.0	13761.0	10728.0	6049.0	6147.0	14424.0	2114.0	3553.0	5156.0	3056.0	4939.0	1887.0	11447.0	3528.0	16473.0	11958.0	3811.0	23030.0	24582.0	15309.0	15212.0	13410.0	1555.0	2563.0	1286.0	7459.0	1304314.0	1745281.460326
sub-8697774	2762.0	2319.0	5428.0	3377.0	1322.0	7070.0	11478.0	8222.0	3311.0	15295.0	6453.0	5783.0	4691.0	9536.0	1755.0	4397.0	6391.0	3335.0	5808.0	2089.0	9611.0	3671.0	12802.0	10488.0	2139.0	22494.0	29389.0	14873.0	14473.0	13611.0	1564.0	2502.0	1523.0	5854.0	1103849.0	1549892.940483
sub-0010030	3762.0	2294.0	6583.0	3633.0	2204.0	10481.0	16459.0	13826.0	3204.0	15857.0	9622.0	9354.0	6996.0	16168.0	2167.0	4742.0	6496.0	3651.0	5530.0	2788.0	12311.0	3167.0	15617.0	11743.0	2523.0	21674.0	28576.0	15897.0	17306.0	14145.0	1422.0	2962.0	1411.0	7445.0	1309756.0	1797263.568941
sub-9578631	2780.0	1492.0	6733.0	4268.0	1971.0	12488.0	16727.0	14439.0	3186.0	14497.0	9033.0	8422.0	6390.0	16622.0	2630.0	3762.0	7791.0	3292.0	4629.0	3223.0	12380.0	4759.0	17369.0	12732.0	3158.0	20733.0	28666.0	16938.0	16775.0	17184.0	1415.0	2837.0	1542.0	8358.0	1276557.0	1774853.654183
sub-0010008	2568.0	1464.0	6393.0	2190.0	1285.0	9976.0	13534.0	10659.0	2808.0	11931.0	7878.0	6276.0	4299.0	12554.0	1964.0	3770.0	5930.0	2833.0	4859.0	1878.0	11209.0	2973.0	13276.0	10526.0	1971.0	17725.0	30432.0	14023.0	15477.0	12771.0	976.0	2273.0	1527.0	6117.0	1083838.0	1478760.093827
sub-7011503	2864.0	2765.0	7947.0	4155.0	1703.0	12366.0	12965.0	13592.0	3903.0	16346.0	9558.0	8279.0	5521.0	14678.0	2361.0	3923.0	5232.0	2792.0	4436.0	2527.0	14799.0	4462.0	16274.0	13137.0	3574.0	19886.0	30545.0	15714.0	15765.0	15817.0	1336.0	2155.0	1575.0	8086.0	1296215.0	1703519.953413
sub-0010037	3138.0	3090.0	6170.0	3713.0	1577.0	11215.0	18184.0	14552.0	2886.0	12901.0	8585.0	7918.0	6298.0	13916.0	1921.0	4504.0	5355.0	3196.0	5330.0	2309.0	10490.0	4223.0	14430.0	12707.0	3428.0	23626.0	31494.0	16441.0	15327.0	12542.0	1461.0	2447.0	1117.0	6943.0	1271891.0	1715321.010814
sub-0010063	2663.0	2138.0	8087.0	2873.0	1758.0	8407.0	12739.0	11011.0	2895.0	9422.0	7459.0	6675.0	4822.0	13662.0	2492.0	3359.0	5712.0	2566.0	4470.0	2104.0	8525.0	4040.0	13368.0	9783.0	2145.0	17853.0	26225.0	13472.0	13947.0	10244.0	1114.0	2256.0	1186.0	6511.0	1049917.0	1417818.712448
sub-0010090	2603.0	1475.0	6666.0	3601.0	1809.0	10479.0	13451.0	14724.0	2634.0	16222.0	8341.0	7113.0	5995.0	13387.0	1781.0	4683.0	4469.0	2945.0	3683.0	2174.0	11697.0	4056.0	15407.0	11407.0	2775.0	18534.0	29171.0	13977.0	15159.0	11983.0	1322.0	1942.0	1734.0	6556.0	1225411.0	1634515.516587
sub-4072305	2813.0	2391.0	6555.0	2720.0	1957.0	10496.0	14157.0	12660.0	3294.0	14231.0	7707.0	6546.0	5508.0	13033.0	2388.0	4974.0	5650.0	2906.0	4409.0	2164.0	9439.0	4953.0	15019.0	9959.0	2890.0	17419.0	25788.0	12888.0	15673.0	12967.0	1339.0	2167.0	1266.0	7966.0	1053586.0	1379271.315851
sub-0010064	4074.0	1734.0	6816.0	3307.0	1628.0	10429.0	16382.0	13211.0	3002.0	12458.0	11094.0	6411.0	7438.0	15288.0	2189.0	4698.0	5173.0	3966.0	6578.0	2079.0	11589.0	3797.0	14202.0	11644.0	2451.0	21049.0	31762.0	16718.0	16378.0	13402.0	1565.0	2715.0	1124.0	7935.0	1306740.0	1819906.279746
sub-1418396	3635.0	3126.0	9376.0	4387.0	2335.0	13669.0	18237.0	15936.0	4373.0	17056.0	12486.0	8699.0	7402.0	16920.0	3255.0	4713.0	6156.0	4199.0	4467.0	2565.0	16268.0	5029.0	18045.0	14383.0	4524.0	24835.0	35183.0	18250.0	15633.0	12888.0	1851.0	2402.0	1567.0	9083.0	1416177.0	1844866.70991
sub-0010052	2285.0	1383.0	6061.0	3416.0	1547.0	8007.0	11459.0	13490.0	2263.0	10850.0	8527.0	6939.0	5294.0	12021.0	1771.0	3774.0	4631.0	2726.0	4458.0	2820.0	8235.0	3173.0	14321.0	11711.0	2863.0	19180.0	29460.0	14458.0	11671.0	12123.0	1090.0	3093.0	949.0	6914.0	1104744.0	1506635.301109
sub-0010099	3126.0	2688.0	8294.0	3282.0	1873.0	10806.0	15489.0	14186.0	3207.0	15398.0	8514.0	8139.0	6334.0	14278.0	1641.0	4423.0	3902.0	2963.0	4391.0	2249.0	11091.0	4749.0	15800.0	12375.0	3133.0	21670.0	27873.0	19666.0	15083.0	15195.0	1587.0	3022.0	1081.0	6265.0	1188422.0	1593585.983576
sub-3302025	2418.0	2373.0	8565.0	2553.0	1502.0	10629.0	14434.0	13770.0	2806.0	13834.0	9110.0	5865.0	5954.0	14002.0	2108.0	4468.0	5422.0	2722.0	4178.0	1782.0	11566.0	4800.0	16593.0	11568.0	3475.0	20604.0	25118.0	18778.0	14394.0	13777.0	1192.0	2179.0	1529.0	7269.0	1102620.0	1489323.960654
