subject_id	rh.aparc.area	rh_bankssts_area	rh_caudalanteriorcingulate_area	rh_caudalmiddlefrontal_area	rh_cuneus_area	rh_entorhinal_area	rh_fusiform_area	rh_inferiorparietal_area	rh_inferiortemporal_area	rh_isthmuscingulate_area	rh_lateraloccipital_area	rh_lateralorbitofrontal_area	rh_lingual_area	rh_medialorbitofrontal_area	rh_middletemporal_area	rh_parahippocampal_area	rh_paracentral_area	rh_parsopercularis_area	rh_parsorbitalis_area	rh_parstriangularis_area	rh_pericalcarine_area	rh_postcentral_area	rh_posteriorcingulate_area	rh_precentral_area	rh_precuneus_area	rh_rostralanteriorcingulate_area	rh_rostralmiddlefrontal_area	rh_superiorfrontal_area	rh_superiorparietal_area	rh_superiortemporal_area	rh_supramarginal_area	rh_frontalpole_area	rh_temporalpole_area	rh_transversetemporal_area	rh_insula_area	rh_WhiteSurfArea_area	BrainSegVolNotVent	eTIV
sub-0010011	903.0	690.0	2302.0	1261.0	391.0	2479.0	5250.0	3014.0	995.0	3884.0	2218.0	1990.0	2183.0	3301.0	586.0	1429.0	1362.0	784.0	1468.0	922.0	4011.0	991.0	4568.0	4024.0	466.0	5419.0	6957.0	5542.0	3628.0	3884.0	315.0	450.0	339.0	2113.0	80122.5	992979.0	1368395.949419
sub-6568351	936.0	658.0	2358.0	1338.0	326.0	2948.0	5536.0	2859.0	855.0	5222.0	2237.0	2770.0	1974.0	3317.0	683.0	1598.0	1112.0	867.0	1505.0	1143.0	4054.0	1120.0	4462.0	3596.0	618.0	5845.0	7691.0	4594.0	3437.0	3741.0	388.0	400.0	407.0	2160.0	82755.4	1062350.0	1411036.945659
sub-0010029	978.0	718.0	1816.0	1794.0	294.0	3026.0	4858.0	3177.0	881.0	4881.0	2596.0	3118.0	2171.0	3386.0	627.0	1587.0	1315.0	873.0	1563.0	1303.0	4200.0	1315.0	4609.0	3738.0	587.0	6871.0	7286.0	4977.0	3994.0	3825.0	380.0	419.0	425.0	2285.0	85873.4	1126028.0	1517081.108782
sub-0010027	764.0	735.0	2330.0	1192.0	294.0	2363.0	5079.0	2803.0	1059.0	4209.0	2523.0	2544.0	1786.0	3489.0	668.0	1776.0	1403.0	941.0	1593.0	1050.0	4196.0	1102.0	5199.0	3620.0	668.0	5587.0	7969.0	4972.0	4511.0	3963.0	377.0	493.0	457.0	2603.0	84318.3	1061340.0	1499172.6222
sub-7333005	1060.0	795.0	1957.0	1895.0	581.0	3701.0	6475.0	3863.0	884.0	5240.0	2759.0	3819.0	2246.0	3968.0	682.0	1707.0	1480.0	770.0	1657.0	1769.0	4350.0	1507.0	5901.0	5201.0	805.0	5003.0	7464.0	6705.0	4236.0	4016.0	301.0	636.0	358.0	2780.0	96568.8	1221867.0	1664237.227948
sub-0010073	1221.0	753.0	3184.0	1784.0	499.0	3305.0	6462.0	4064.0	1028.0	6047.0	3025.0	3572.0	2334.0	4692.0	687.0	1889.0	1768.0	1212.0	2228.0	1484.0	4389.0	1300.0	5578.0	4843.0	755.0	8564.0	9739.0	6676.0	4656.0	4771.0	374.0	582.0	413.0	2875.0	106750.0	1285196.0	1714915.098625
sub-0010080	866.0	844.0	2503.0	1627.0	379.0	2845.0	5323.0	3253.0	987.0	4790.0	2579.0	3494.0	2103.0	3625.0	677.0	1666.0	1353.0	886.0	1392.0	1555.0	3918.0	1299.0	4848.0	4138.0	664.0	6451.0	6818.0	6253.0	3570.0	3427.0	358.0	463.0	344.0	2552.0	87849.2	1116192.0	1547601.309612
sub-0010042	1066.0	974.0	2531.0	1909.0	481.0	3586.0	7977.0	4165.0	1423.0	5715.0	2964.0	3774.0	2820.0	4541.0	611.0	1777.0	1645.0	1121.0	1879.0	1875.0	4874.0	1727.0	5420.0	5223.0	738.0	6513.0	7845.0	6858.0	3993.0	4253.0	411.0	512.0	411.0	2465.0	104077.0	1304192.0	1693464.574011
sub-1177160	744.0	653.0	1983.0	1986.0	342.0	2971.0	5800.0	3045.0	1005.0	5239.0	2279.0	3403.0	1979.0	3699.0	714.0	1533.0	1122.0	857.0	1400.0	1873.0	4548.0	1291.0	4984.0	4268.0	548.0	5090.0	7021.0	6730.0	4202.0	3363.0	289.0	602.0	352.0	2236.0	88153.0	1135375.0	1530173.748793
sub-4060823	728.0	634.0	2901.0	1676.0	359.0	3467.0	4943.0	3143.0	777.0	5451.0	2665.0	3302.0	2111.0	3417.0	708.0	1703.0	1416.0	1008.0	1732.0	1611.0	3952.0	1244.0	4984.0	4217.0	650.0	5663.0	7003.0	5350.0	4020.0	4615.0	357.0	548.0	325.0	2615.0	89295.5	1155264.0	1541521.791743
sub-1023964	904.0	568.0	2362.0	1384.0	490.0	3752.0	4395.0	4108.0	986.0	5747.0	2411.0	3054.0	1795.0	3569.0	649.0	1596.0	1458.0	810.0	1825.0	1128.0	4275.0	1139.0	5251.0	3995.0	693.0	6500.0	7370.0	5280.0	4303.0	4515.0	358.0	584.0	403.0	2568.0	90224.8	1150402.0	1524869.286237
sub-2741068	1058.0	786.0	3383.0	1905.0	444.0	3534.0	5859.0	3742.0	1181.0	5531.0	2451.0	4375.0	2030.0	4295.0	548.0	1411.0	2153.0	937.0	1797.0	2074.0	3060.0	1398.0	4209.0	5238.0	645.0	7979.0	9960.0	5377.0	4188.0	3550.0	337.0	529.0	504.0	2482.0	98951.4	1232242.0	1658155.072914
sub-0010010	1079.0	646.0	2665.0	1778.0	541.0	3278.0	6163.0	3920.0	1107.0	5639.0	3174.0	3603.0	2712.0	3834.0	676.0	2190.0	1943.0	1022.0	1996.0	1759.0	4757.0	1815.0	6019.0	5158.0	747.0	7237.0	9661.0	7695.0	4137.0	4782.0	436.0	606.0	388.0	2768.0	105933.0	1340866.0	1824002.376112
sub-2983819	925.0	584.0	2284.0	1501.0	408.0	2860.0	6088.0	3216.0	1025.0	5073.0	2445.0	3337.0	2076.0	3793.0	751.0	1240.0	1810.0	890.0	1932.0	1442.0	3910.0	1204.0	4711.0	3488.0	327.0	5844.0	5994.0	5039.0	3891.0	3603.0	362.0	504.0	358.0	2360.0	85277.0	1125460.0	1520578.234291
sub-0010043	639.0	559.0	1684.0	1161.0	247.0	1979.0	3514.0	1603.0	825.0	4404.0	1768.0	2911.0	1465.0	2564.0	568.0	1204.0	1020.0	671.0	1171.0	1162.0	3307.0	931.0	3970.0	3187.0	351.0	4116.0	5170.0	3992.0	3416.0	2980.0	303.0	359.0	334.0	1965.0	65501.1	923022.0	1299468.812469
sub-0010081	896.0	532.0	2020.0	1345.0	377.0	3071.0	5304.0	3485.0	894.0	4330.0	2293.0	3046.0	1908.0	3502.0	667.0	1369.0	1027.0	706.0	1145.0	1312.0	3821.0	1064.0	4346.0	3637.0	594.0	5051.0	6567.0	5097.0	3683.0	3485.0	352.0	461.0	326.0	2293.0	80003.3	1084831.0	1482693.87954
sub-0010075	988.0	1052.0	2663.0	1986.0	428.0	3161.0	5952.0	3528.0	1220.0	6850.0	3103.0	3962.0	2385.0	3937.0	727.0	1662.0	1536.0	1063.0	1577.0	2087.0	4590.0	1214.0	5283.0	4723.0	849.0	6886.0	8735.0	6149.0	4080.0	3666.0	332.0	507.0	396.0	2451.0	99727.0	1204306.0	1595521.029088
sub-0010072	652.0	684.0	1918.0	1595.0	449.0	3325.0	4463.0	3023.0	789.0	5060.0	2489.0	3186.0	2289.0	3275.0	743.0	1290.0	1209.0	804.0	1215.0	1553.0	4489.0	1107.0	4680.0	3781.0	498.0	5597.0	7216.0	5175.0	4421.0	4295.0	398.0	540.0	427.0	2359.0	84993.6	1060495.0	1437928.227948
sub-6953386	1318.0	1066.0	2176.0	1693.0	706.0	4197.0	7614.0	4483.0	1036.0	5738.0	3285.0	3228.0	2688.0	4487.0	942.0	1441.0	1396.0	1067.0	1617.0	1418.0	4800.0	1509.0	5807.0	5033.0	774.0	8344.0	8883.0	6553.0	4557.0	5847.0	403.0	688.0	457.0	2832.0	108085.0	1306108.0	1745027.071629
sub-0010086	1251.0	841.0	2531.0	1823.0	524.0	3443.0	6300.0	3653.0	1003.0	5158.0	2965.0	3516.0	2285.0	4097.0	616.0	1639.0	1377.0	828.0	1530.0	1711.0	4475.0	1274.0	5920.0	4296.0	722.0	7254.0	8115.0	6418.0	4644.0	4635.0	352.0	387.0	421.0	2389.0	98393.1	1216064.0	1618445.038774
sub-0021029	732.0	867.0	3502.0	2080.0	395.0	3348.0	5173.0	3293.0	871.0	6877.0	2681.0	4342.0	2374.0	3728.0	661.0	1621.0	2309.0	882.0	1466.0	2328.0	4031.0	1177.0	5230.0	4173.0	801.0	8145.0	10822.0	4431.0	4113.0	3515.0	409.0	558.0	475.0	2426.0	99836.7	1205309.0	1610385.680667
sub-0015027	1050.0	739.0	1704.0	1537.0	382.0	3066.0	5456.0	3066.0	956.0	4320.0	2430.0	3248.0	2097.0	3497.0	686.0	1466.0	1248.0	877.0	1442.0	1590.0	3771.0	1211.0	4474.0	3858.0	696.0	5177.0	6662.0	5546.0	3611.0	4031.0	284.0	511.0	328.0	2553.0	83570.6	1093027.0	1453695.183993
sub-8278680	1223.0	1030.0	2199.0	1686.0	577.0	3422.0	6283.0	4510.0	1201.0	4620.0	2997.0	2786.0	2530.0	4167.0	757.0	1730.0	1801.0	1093.0	2068.0	1568.0	4618.0	1469.0	5327.0	4980.0	856.0	7100.0	8136.0	6179.0	4848.0	4881.0	429.0	696.0	404.0	3073.0	101242.0	1251499.0	1701375.546748
sub-1771270	754.0	756.0	1657.0	1820.0	470.0	3224.0	5376.0	3707.0	983.0	5272.0	2568.0	3505.0	1915.0	3893.0	616.0	1262.0	1141.0	905.0	1532.0	1848.0	3475.0	1048.0	4469.0	3501.0	646.0	7026.0	6682.0	5539.0	3650.0	2867.0	344.0	607.0	325.0	2280.0	85663.6	1076727.0	1415689.788946
sub-0021027	877.0	757.0	2264.0	1642.0	299.0	2786.0	5045.0	3004.0	998.0	4612.0	2480.0	3219.0	2094.0	3401.0	685.0	1717.0	1517.0	870.0	2024.0	1722.0	4259.0	1554.0	4568.0	4413.0	649.0	6231.0	7508.0	5469.0	4196.0	3984.0	364.0	492.0	489.0	2212.0	88400.3	1102722.0	1511795.546128
sub-0010109	846.0	692.0	2435.0	1607.0	477.0	2677.0	4981.0	2753.0	822.0	3783.0	2112.0	3035.0	2114.0	3039.0	675.0	1437.0	1238.0	636.0	1589.0	1850.0	3524.0	1176.0	5012.0	3811.0	664.0	5792.0	7420.0	5048.0	3582.0	3196.0	309.0	476.0	309.0	2339.0	81456.9	1089593.0	1484032.661677
sub-5302451	1361.0	910.0	2368.0	1781.0	649.0	3685.0	5969.0	4252.0	1042.0	5770.0	3360.0	3055.0	2618.0	4403.0	717.0	1914.0	1544.0	1255.0	1988.0	1426.0	4467.0	1312.0	5521.0	4390.0	686.0	7228.0	9749.0	5908.0	4206.0	4240.0	472.0	660.0	367.0	2706.0	101982.0	1277949.0	1699729.632546
sub-3624598	1111.0	564.0	1735.0	1391.0	528.0	3157.0	6338.0	3558.0	1036.0	4606.0	2815.0	3502.0	2320.0	4000.0	627.0	1361.0	1638.0	933.0	1816.0	1578.0	3585.0	1038.0	4420.0	3865.0	658.0	6869.0	6364.0	5366.0	4446.0	3904.0	442.0	571.0	403.0	2637.0	89180.7	1195024.0	1575472.222988
sub-0016053	921.0	1016.0	2583.0	1736.0	585.0	3421.0	6427.0	3906.0	909.0	4659.0	3013.0	3649.0	2631.0	4345.0	744.0	1619.0	1691.0	944.0	1758.0	1703.0	4488.0	1273.0	5480.0	4406.0	876.0	6567.0	8471.0	5738.0	4652.0	4314.0	410.0	603.0	374.0	2996.0	98905.1	1275969.0	1704708.253496
sub-0021042	776.0	842.0	1980.0	1689.0	362.0	2531.0	3847.0	2989.0	1054.0	4449.0	2328.0	3312.0	1887.0	3017.0	465.0	1566.0	1334.0	794.0	1380.0	1495.0	3405.0	1274.0	4652.0	4037.0	673.0	5284.0	7041.0	4679.0	3436.0	3433.0	389.0	488.0	366.0	2053.0	79309.1	1020767.0	1388498.549421
sub-2950754	1231.0	659.0	2984.0	2019.0	456.0	3657.0	8273.0	4217.0	1406.0	6273.0	3578.0	4333.0	2681.0	5113.0	640.0	1881.0	1598.0	1071.0	1841.0	2240.0	5295.0	1240.0	5935.0	5756.0	730.0	7396.0	9958.0	7214.0	5287.0	5203.0	479.0	659.0	473.0	2868.0	114643.0	1412537.0	1902704.11979
sub-1050345	1183.0	815.0	2499.0	1904.0	474.0	3803.0	5215.0	3505.0	930.0	5812.0	2789.0	3231.0	2619.0	4187.0	744.0	1498.0	1976.0	843.0	1752.0	1683.0	4239.0	1350.0	5230.0	3683.0	687.0	7168.0	8386.0	5212.0	5592.0	4559.0	408.0	512.0	480.0	2911.0	97881.7	1277708.0	1709217.929732
sub-3048588	939.0	900.0	2585.0	1775.0	365.0	3010.0	6171.0	3677.0	1109.0	5399.0	2730.0	3915.0	2258.0	4146.0	699.0	1813.0	1519.0	874.0	1610.0	1874.0	4972.0	1327.0	5192.0	4421.0	827.0	7014.0	8094.0	5580.0	4102.0	3760.0	389.0	464.0	386.0	2731.0	96626.5	1184958.0	1656531.564508
sub-0015042	898.0	611.0	1963.0	1430.0	411.0	2825.0	5517.0	3047.0	1022.0	4933.0	2545.0	3158.0	2137.0	3456.0	603.0	1328.0	1511.0	865.0	1407.0	1491.0	3954.0	1383.0	4571.0	3896.0	462.0	5670.0	6456.0	5142.0	3768.0	4073.0	368.0	518.0	375.0	2285.0	84077.2	1086637.0	1442467.506671
sub-0015021	995.0	944.0	2816.0	1819.0	592.0	3313.0	5320.0	3512.0	945.0	5259.0	2590.0	3881.0	2355.0	3562.0	671.0	1368.0	1509.0	837.0	1467.0	1860.0	3456.0	1257.0	5424.0	3863.0	729.0	5865.0	8503.0	4219.0	3555.0	3027.0	343.0	586.0	338.0	2467.0	89246.1	1122331.0	1487571.714336
sub-0021021	1123.0	773.0	2992.0	1771.0	660.0	3978.0	7216.0	4889.0	1323.0	5627.0	3801.0	3794.0	2747.0	5477.0	952.0	2097.0	1697.0	1098.0	1571.0	1565.0	5544.0	1532.0	6390.0	5250.0	820.0	7406.0	10192.0	6870.0	4565.0	4867.0	464.0	634.0	430.0	2625.0	112739.0	1429437.0	1970358.063935
sub-0010106	837.0	931.0	1942.0	1654.0	283.0	3211.0	5958.0	2800.0	859.0	4511.0	2169.0	3242.0	1751.0	3303.0	636.0	1542.0	1476.0	908.0	2021.0	1628.0	4480.0	1379.0	4688.0	4390.0	791.0	6387.0	7471.0	5954.0	4409.0	3916.0	379.0	472.0	421.0	2798.0	89598.8	1095515.0	1476499.466927
sub-0021017	870.0	707.0	1844.0	1408.0	288.0	2419.0	4650.0	2791.0	966.0	4472.0	2612.0	2259.0	1806.0	3336.0	592.0	1351.0	1259.0	973.0	1632.0	1092.0	3569.0	1185.0	4243.0	3605.0	494.0	5623.0	6298.0	4845.0	3753.0	3604.0	356.0	425.0	419.0	2335.0	78082.5	1005598.0	1391376.711812
sub-0021028	766.0	737.0	2070.0	1977.0	310.0	3497.0	4824.0	3335.0	1022.0	5362.0	2657.0	3687.0	2367.0	4014.0	684.0	1509.0	1481.0	857.0	1407.0	1824.0	4452.0	1408.0	4923.0	4677.0	582.0	5515.0	7657.0	6012.0	4244.0	3961.0	342.0	517.0	391.0	2232.0	91301.4	1103441.0	1469681.542102
sub-0015017	1002.0	842.0	2520.0	2152.0	437.0	3592.0	6566.0	3867.0	1302.0	6321.0	2845.0	4146.0	2168.0	4624.0	785.0	1577.0	1416.0	1050.0	1624.0	2113.0	4579.0	1250.0	5616.0	4671.0	879.0	6787.0	7936.0	6553.0	4467.0	4762.0	420.0	615.0	423.0	2630.0	102535.0	1265451.0	1683462.517017
sub-0010101	666.0	604.0	1934.0	1683.0	341.0	2446.0	4545.0	2786.0	926.0	4977.0	2321.0	3472.0	2083.0	2869.0	494.0	1535.0	1382.0	698.0	1708.0	1910.0	3648.0	1086.0	4149.0	4057.0	501.0	5930.0	7105.0	5577.0	3314.0	3539.0	297.0	353.0	288.0	2092.0	81316.7	1016426.0	1361463.329523
sub-0015028	1114.0	649.0	2338.0	1646.0	534.0	3628.0	5341.0	4077.0	1239.0	5300.0	2701.0	3603.0	2380.0	4144.0	708.0	1289.0	1744.0	1046.0	2148.0	1518.0	4590.0	1462.0	4943.0	4252.0	695.0	6472.0	8374.0	5705.0	4227.0	5507.0	427.0	468.0	369.0	2625.0	97260.9	1216908.0	1608083.012364
sub-1093743	897.0	1082.0	2363.0	2138.0	449.0	4072.0	7037.0	4618.0	1143.0	5833.0	3103.0	3382.0	2200.0	4555.0	670.0	2053.0	1183.0	1077.0	1673.0	1765.0	5202.0	1879.0	5833.0	4610.0	860.0	6331.0	7634.0	6578.0	4718.0	4089.0	317.0	563.0	403.0	2952.0	103262.0	1295960.0	1778402.941974
sub-0015043	1006.0	841.0	2193.0	1996.0	483.0	3486.0	4618.0	3993.0	927.0	5423.0	3015.0	3305.0	2434.0	4314.0	644.0	1460.0	1389.0	974.0	1625.0	1613.0	4542.0	1479.0	5484.0	4128.0	628.0	6099.0	7345.0	6526.0	4540.0	4852.0	386.0	586.0	397.0	2541.0	95272.9	1207090.0	1621639.08197
sub-0015044	991.0	817.0	1841.0	1787.0	387.0	2992.0	6539.0	3940.0	1122.0	6261.0	2602.0	3281.0	2204.0	4087.0	631.0	1500.0	1225.0	1130.0	1740.0	1430.0	4261.0	1211.0	4819.0	4570.0	753.0	7814.0	7838.0	6012.0	3509.0	3081.0	378.0	543.0	260.0	2217.0	93771.8	1174011.0	1562057.682792
sub-0016055	1231.0	781.0	1863.0	1956.0	386.0	3521.0	6232.0	3670.0	1220.0	6109.0	3106.0	3836.0	2220.0	4333.0	705.0	1443.0	1680.0	1152.0	2205.0	1913.0	4960.0	1425.0	5314.0	4862.0	793.0	5700.0	7328.0	6155.0	4539.0	4818.0	411.0	510.0	504.0	2525.0	99405.1	1251152.0	1696909.571707
sub-6115230	841.0	650.0	1955.0	1597.0	466.0	2709.0	5192.0	3288.0	983.0	5424.0	2419.0	3122.0	1872.0	3369.0	686.0	1507.0	1261.0	971.0	1888.0	1700.0	3712.0	1173.0	4590.0	3964.0	544.0	6514.0	7067.0	5336.0	3229.0	3963.0	364.0	462.0	334.0	2314.0	85466.1	1008110.0	1377092.159782
sub-4241194	868.0	651.0	2951.0	1672.0	462.0	3731.0	7025.0	3977.0	1257.0	5980.0	3334.0	3973.0	2422.0	4117.0	596.0	1678.0	1556.0	1178.0	1911.0	1937.0	4395.0	1087.0	5323.0	5187.0	778.0	7696.0	7525.0	6921.0	3986.0	4639.0	405.0	521.0	369.0	2408.0	102516.0	1263079.0	1773765.983906
sub-4136226	869.0	694.0	1851.0	1853.0	373.0	2612.0	5312.0	3089.0	972.0	5925.0	2154.0	3854.0	1910.0	4080.0	668.0	1497.0	1660.0	632.0	1433.0	1966.0	3993.0	990.0	4225.0	4131.0	667.0	6442.0	6122.0	5880.0	4010.0	3540.0	326.0	490.0	425.0	2259.0	86904.4	1117600.0	1497685.188161
sub-1875013	972.0	649.0	2347.0	1792.0	361.0	3124.0	6571.0	3939.0	1258.0	5794.0	3118.0	3509.0	2204.0	4575.0	728.0	1567.0	1294.0	965.0	1694.0	1783.0	4763.0	1361.0	5214.0	5015.0	690.0	7358.0	7876.0	6049.0	4289.0	4077.0	404.0	400.0	361.0	2741.0	98842.3	1208612.0	1648608.820107
sub-0010123	978.0	599.0	2417.0	1477.0	364.0	2735.0	5720.0	3246.0	980.0	5118.0	2562.0	3098.0	2200.0	3692.0	651.0	1797.0	1369.0	778.0	1465.0	1455.0	4175.0	1108.0	5183.0	3919.0	595.0	5791.0	7869.0	5781.0	3430.0	3370.0	357.0	456.0	305.0	2366.0	87405.4	1156741.0	1627189.912081
sub-0015035	1144.0	736.0	2564.0	2013.0	568.0	3717.0	7197.0	4487.0	858.0	5368.0	3145.0	3509.0	2395.0	4891.0	720.0	2256.0	1441.0	1143.0	1988.0	1790.0	4468.0	1343.0	6239.0	4947.0	605.0	7503.0	9459.0	7383.0	4251.0	3733.0	490.0	586.0	367.0	2655.0	105961.0	1317284.0	1725485.907189
sub-0025002	1002.0	1468.0	2361.0	2286.0	586.0	3924.0	6271.0	3779.0	2081.0	6368.0	3143.0	4563.0	2703.0	4372.0	845.0	1819.0	1593.0	928.0	1882.0	2548.0	4459.0	2038.0	5321.0	5395.0	897.0	7453.0	8811.0	6796.0	4868.0	5077.0	399.0	617.0	392.0	2903.0	109948.0	1353340.0	1892613.442741
sub-8409791	1051.0	986.0	2227.0	1506.0	506.0	3864.0	7643.0	4068.0	972.0	5647.0	3303.0	2723.0	2524.0	4453.0	656.0	1885.0	1543.0	1148.0	1947.0	1183.0	4459.0	1627.0	5919.0	4480.0	797.0	7689.0	9381.0	6777.0	3970.0	4300.0	395.0	572.0	410.0	2903.0	103514.0	1313480.0	1794897.325611
sub-0021035	1070.0	768.0	2481.0	1875.0	379.0	3259.0	5442.0	3859.0	1301.0	5999.0	3051.0	3136.0	2277.0	4312.0	699.0	1455.0	1335.0	983.0	1833.0	1673.0	4263.0	1290.0	4686.0	4652.0	827.0	7008.0	8688.0	5528.0	4346.0	4632.0	382.0	484.0	459.0	2238.0	96668.1	1257435.0	1714602.740092
sub-0015004	976.0	758.0	1922.0	1830.0	504.0	3204.0	5713.0	3761.0	990.0	5162.0	2491.0	3659.0	2117.0	3880.0	589.0	1364.0	1192.0	947.0	1492.0	2037.0	4544.0	1471.0	4752.0	4736.0	670.0	5537.0	7299.0	6422.0	3624.0	3841.0	332.0	516.0	323.0	2353.0	91010.4	1111055.0	1500912.205862
sub-4219416	1114.0	667.0	1954.0	1117.0	368.0	2492.0	5259.0	2598.0	830.0	4381.0	2056.0	2581.0	1816.0	3081.0	571.0	1104.0	1208.0	617.0	1237.0	980.0	4255.0	1133.0	4477.0	3519.0	533.0	4807.0	5549.0	5574.0	4273.0	3616.0	235.0	411.0	371.0	2128.0	76913.3	1003713.0	1355248.567302
sub-0010115	906.0	1014.0	2369.0	1816.0	405.0	3201.0	5177.0	3277.0	905.0	4732.0	2830.0	3046.0	2416.0	3499.0	622.0	1593.0	1391.0	892.0	1721.0	1914.0	3681.0	1436.0	4804.0	4258.0	698.0	6628.0	7966.0	5395.0	4251.0	3802.0	336.0	505.0	411.0	2345.0	90245.0	1103559.0	1471947.972271
sub-0016047	1086.0	872.0	2633.0	1882.0	400.0	3269.0	6555.0	3653.0	1258.0	5761.0	2673.0	3733.0	2518.0	3777.0	638.0	1716.0	1572.0	990.0	1865.0	2229.0	4661.0	1387.0	5153.0	4711.0	773.0	7330.0	8320.0	6150.0	4002.0	4118.0	356.0	544.0	403.0	2378.0	99367.5	1216760.0	1586231.168623
sub-0016078	1012.0	866.0	2667.0	1685.0	518.0	3211.0	6121.0	3843.0	992.0	5025.0	3085.0	3525.0	2491.0	3998.0	575.0	1793.0	1442.0	944.0	1620.0	1721.0	4146.0	1463.0	5386.0	3706.0	744.0	7013.0	8390.0	6001.0	4074.0	4062.0	435.0	581.0	366.0	2284.0	95783.7	1268986.0	1721061.725067
sub-0015051	943.0	849.0	2018.0	1815.0	456.0	2986.0	5318.0	3441.0	1070.0	5058.0	2668.0	3186.0	2011.0	3488.0	613.0	1489.0	1487.0	886.0	1725.0	1522.0	4612.0	1105.0	4995.0	4234.0	864.0	6305.0	7000.0	5449.0	3526.0	3508.0	368.0	502.0	387.0	2465.0	88349.8	1126703.0	1530940.525974
sub-0016071	751.0	800.0	1971.0	1692.0	355.0	2504.0	4582.0	2909.0	919.0	4748.0	2518.0	3381.0	2129.0	3206.0	577.0	1096.0	1257.0	848.0	1472.0	1686.0	3581.0	1019.0	4179.0	4229.0	612.0	5631.0	5561.0	5236.0	3343.0	3001.0	372.0	509.0	303.0	1735.0	78708.4	948276.0	1317789.755209
sub-0010113	724.0	770.0	2772.0	1483.0	375.0	2596.0	4285.0	3408.0	970.0	4340.0	2419.0	3055.0	1981.0	3528.0	604.0	1434.0	1892.0	694.0	1560.0	1715.0	4287.0	1059.0	4745.0	3669.0	567.0	4934.0	6619.0	4786.0	3905.0	4024.0	328.0	405.0	387.0	2206.0	82525.4	1034040.0	1391994.539692
sub-0015005	876.0	656.0	2080.0	1719.0	384.0	2763.0	4890.0	3611.0	1039.0	5201.0	2661.0	3054.0	2242.0	4089.0	589.0	1577.0	1522.0	810.0	1412.0	1695.0	4411.0	1316.0	5410.0	3964.0	644.0	6434.0	7595.0	5516.0	4166.0	3916.0	345.0	593.0	438.0	2419.0	90038.2	1183397.0	1575049.332783
sub-6500128	984.0	1010.0	2287.0	1691.0	618.0	3420.0	6165.0	4004.0	1037.0	5699.0	3547.0	4044.0	2434.0	4516.0	1025.0	2017.0	1800.0	1292.0	2456.0	1728.0	3569.0	1675.0	5612.0	3625.0	940.0	8088.0	10154.0	4144.0	4992.0	3608.0	437.0	606.0	472.0	2814.0	102508.0	1232524.0	1670135.243421
sub-0015033	1241.0	1074.0	2546.0	1626.0	501.0	3408.0	6780.0	3740.0	1173.0	5685.0	2844.0	3785.0	2279.0	4377.0	674.0	1853.0	1640.0	881.0	1785.0	1747.0	4609.0	1375.0	5514.0	4869.0	992.0	7137.0	8759.0	6285.0	4527.0	4712.0	375.0	581.0	370.0	2668.0	102413.0	1238831.0	1652957.269183
sub-0010122	1011.0	1206.0	3081.0	2155.0	576.0	3836.0	7297.0	4342.0	1716.0	7130.0	3061.0	4229.0	2397.0	4518.0	684.0	1550.0	1559.0	1085.0	1854.0	2050.0	4718.0	1494.0	5923.0	4897.0	853.0	8280.0	8661.0	6802.0	4319.0	3666.0	453.0	784.0	387.0	2660.0	109237.0	1415759.0	1938744.631428
sub-0015034	1255.0	598.0	2164.0	1772.0	528.0	3598.0	7197.0	4077.0	1187.0	6193.0	3064.0	3833.0	2565.0	4459.0	644.0	1709.0	1689.0	1025.0	1815.0	1892.0	4911.0	1619.0	5289.0	4329.0	555.0	7125.0	8856.0	6534.0	4617.0	4461.0	390.0	604.0	379.0	2636.0	103569.0	1270118.0	1679829.896004
sub-0010050	940.0	718.0	2337.0	1646.0	412.0	3097.0	6324.0	3314.0	847.0	5002.0	3100.0	3429.0	2421.0	3604.0	725.0	2068.0	1506.0	995.0	1912.0	1625.0	4078.0	1115.0	5553.0	4228.0	538.0	7314.0	9411.0	5401.0	3992.0	4258.0	385.0	442.0	360.0	2613.0	95708.2	1152329.0	1590464.237683
sub-0010068	1061.0	1290.0	3330.0	2180.0	466.0	3076.0	6102.0	3710.0	1064.0	6082.0	3362.0	3972.0	2536.0	4236.0	692.0	1767.0	1515.0	1175.0	2006.0	2071.0	4756.0	1585.0	5615.0	5310.0	915.0	7603.0	9030.0	7131.0	4732.0	5194.0	354.0	606.0	541.0	2968.0	108034.0	1414846.0	1902804.70146
sub-1404738	1163.0	550.0	2046.0	1649.0	446.0	3217.0	5578.0	3361.0	857.0	5013.0	2700.0	2753.0	2220.0	3891.0	707.0	1165.0	1337.0	992.0	1819.0	1384.0	3416.0	1074.0	4795.0	4609.0	464.0	6056.0	7560.0	5009.0	3892.0	3372.0	403.0	437.0	337.0	2375.0	86644.7	1134805.0	1515856.960945
sub-9750701	916.0	530.0	2266.0	1470.0	476.0	2926.0	5264.0	3085.0	824.0	4679.0	2267.0	3265.0	1849.0	3166.0	710.0	1560.0	1423.0	754.0	1422.0	1608.0	3375.0	1210.0	4740.0	3319.0	653.0	5447.0	7710.0	5085.0	3303.0	2786.0	353.0	513.0	310.0	2113.0	81377.7	1037746.0	1406548.831224
sub-4116166	1041.0	807.0	2327.0	1995.0	439.0	3051.0	7290.0	3917.0	901.0	5192.0	3233.0	3776.0	2479.0	4261.0	565.0	2054.0	1459.0	1059.0	1942.0	1861.0	5258.0	1564.0	5049.0	5016.0	726.0	7357.0	7692.0	6570.0	4183.0	4027.0	415.0	487.0	353.0	2486.0	100832.0	1245687.0	1645875.805036
sub-0010092	810.0	803.0	2522.0	1804.0	341.0	2729.0	4665.0	2615.0	928.0	5139.0	2991.0	3255.0	2195.0	3473.0	601.0	1500.0	1321.0	916.0	1407.0	1553.0	3657.0	1246.0	4640.0	4023.0	481.0	5664.0	6660.0	5294.0	4029.0	3136.0	335.0	630.0	469.0	2290.0	84123.1	1053362.0	1517329.866762
sub-0010035	929.0	1130.0	2617.0	2094.0	436.0	3163.0	4825.0	3204.0	955.0	5616.0	3001.0	3469.0	2483.0	3322.0	601.0	1812.0	1493.0	1035.0	1773.0	1634.0	4652.0	1485.0	6166.0	5237.0	542.0	6794.0	8861.0	5849.0	4494.0	4294.0	432.0	593.0	440.0	3003.0	98434.9	1183507.0	1552151.415442
sub-0010003	533.0	480.0	1612.0	1223.0	253.0	1947.0	3209.0	1492.0	804.0	3408.0	1433.0	2138.0	1214.0	2165.0	438.0	1424.0	1095.0	468.0	947.0	1326.0	2748.0	1026.0	3395.0	2948.0	290.0	2955.0	5029.0	3978.0	2924.0	2403.0	284.0	289.0	287.0	1876.0	58040.5	759617.0	1201864.098078
sub-0010004	532.0	567.0	1735.0	1519.0	385.0	2397.0	4039.0	2253.0	806.0	3400.0	2207.0	2664.0	1790.0	2671.0	557.0	1269.0	1155.0	703.0	1360.0	1519.0	3467.0	939.0	3802.0	3292.0	380.0	4557.0	5951.0	5166.0	3014.0	2980.0	324.0	466.0	296.0	1918.0	70078.6	903754.0	1259168.465611
sub-0010093	612.0	602.0	2088.0	1292.0	311.0	2545.0	4006.0	2366.0	775.0	3514.0	2442.0	2974.0	1926.0	2588.0	581.0	1558.0	925.0	723.0	1102.0	1341.0	3551.0	995.0	4083.0	3365.0	439.0	4643.0	6364.0	4432.0	3057.0	3277.0	346.0	522.0	334.0	2020.0	71700.5	955930.0	1294989.833168
sub-0010067	642.0	1021.0	1617.0	1091.0	487.0	2505.0	4480.0	2358.0	1151.0	4309.0	2830.0	2609.0	1795.0	2669.0	690.0	1866.0	1629.0	934.0	1846.0	889.0	4588.0	1401.0	5348.0	3730.0	489.0	4594.0	5914.0	4897.0	4718.0	3328.0	357.0	744.0	411.0	2545.0	80481.1	944013.0	1726074.940603
sub-0010058	1143.0	1258.0	2239.0	1821.0	357.0	2907.0	6359.0	3656.0	1014.0	5314.0	3248.0	3760.0	2584.0	4762.0	509.0	1826.0	1666.0	1065.0	2093.0	1703.0	4779.0	1601.0	5116.0	4787.0	1076.0	7793.0	8633.0	6115.0	4519.0	4488.0	452.0	481.0	418.0	2604.0	102145.0	1256986.0	1691810.102852
sub-8387093	1008.0	901.0	2642.0	1997.0	513.0	3578.0	6303.0	4330.0	948.0	6011.0	3247.0	3468.0	2489.0	4190.0	569.0	1778.0	1578.0	834.0	1547.0	1709.0	5085.0	1306.0	6181.0	4790.0	766.0	7378.0	8815.0	5694.0	4571.0	4300.0	400.0	515.0	442.0	2565.0	102449.0	1229006.0	1701362.261925
sub-4084645	755.0	667.0	2081.0	1555.0	269.0	2295.0	4964.0	2526.0	825.0	4542.0	1683.0	2634.0	1207.0	2886.0	550.0	1469.0	1284.0	659.0	1458.0	1266.0	3815.0	859.0	4970.0	3715.0	252.0	4894.0	6099.0	4558.0	3517.0	2943.0	300.0	361.0	339.0	1801.0	73997.0	952315.0	1306681.008353
sub-0010069	877.0	1179.0	2410.0	2281.0	483.0	3530.0	6657.0	3795.0	1401.0	6726.0	3023.0	3896.0	2733.0	4112.0	751.0	1881.0	1443.0	1011.0	1672.0	2190.0	5033.0	1655.0	5800.0	5000.0	800.0	8406.0	8499.0	6324.0	3927.0	4326.0	412.0	620.0	386.0	2451.0	105688.0	1338835.0	1864284.398864
sub-0010051	991.0	1287.0	2126.0	1819.0	487.0	3261.0	6368.0	3522.0	1132.0	5824.0	3158.0	3933.0	2432.0	3999.0	722.0	1749.0	1612.0	1080.0	1705.0	1774.0	3839.0	1508.0	5044.0	4499.0	894.0	8246.0	8093.0	5647.0	3849.0	3826.0	474.0	489.0	292.0	2390.0	98070.5	1266001.0	1681064.043103
sub-0010005	819.0	776.0	2273.0	1748.0	411.0	2697.0	5632.0	3183.0	965.0	5249.0	2430.0	3418.0	1860.0	3703.0	615.0	1677.0	1322.0	934.0	1702.0	1744.0	4285.0	1159.0	5732.0	3783.0	506.0	6722.0	8228.0	4519.0	3685.0	2925.0	350.0	583.0	328.0	2377.0	88340.1	1133062.0	1597457.188079
sub-4016887	1575.0	745.0	2114.0	1552.0	578.0	3633.0	7605.0	4193.0	1177.0	5524.0	3011.0	3446.0	2456.0	4982.0	841.0	1685.0	1150.0	926.0	1557.0	1568.0	5013.0	1538.0	5493.0	4906.0	688.0	8264.0	8541.0	6265.0	4530.0	3904.0	357.0	547.0	405.0	2527.0	103295.0	1289772.0	1701944.154433
sub-7407032	1109.0	1199.0	3289.0	1794.0	523.0	3691.0	8221.0	4284.0	1173.0	5936.0	2642.0	3946.0	2418.0	4555.0	860.0	1736.0	1799.0	1066.0	2014.0	1678.0	5500.0	1738.0	5590.0	4952.0	913.0	6473.0	7613.0	5800.0	4222.0	4287.0	351.0	592.0	376.0	2541.0	104880.0	1332657.0	1857824.86889
sub-0010002	730.0	921.0	2059.0	1642.0	340.0	2890.0	5268.0	2133.0	930.0	5156.0	2507.0	3217.0	2254.0	3062.0	721.0	1516.0	1546.0	897.0	1616.0	1453.0	3836.0	1038.0	4617.0	3667.0	709.0	6541.0	6783.0	4475.0	3728.0	3346.0	339.0	509.0	349.0	2214.0	83007.2	1031236.0	1411428.512144
sub-0023012	992.0	848.0	2085.0	1605.0	454.0	3387.0	5132.0	3223.0	1056.0	4854.0	2653.0	3012.0	2162.0	4061.0	595.0	1569.0	1435.0	952.0	1631.0	1528.0	3770.0	1478.0	4580.0	4036.0	585.0	6142.0	7106.0	4818.0	4249.0	3682.0	301.0	440.0	374.0	2327.0	87130.2	1139467.0	1521041.460735
sub-4075719	1130.0	574.0	2654.0	1961.0	553.0	4117.0	7723.0	4019.0	1070.0	6143.0	2779.0	3539.0	2247.0	4564.0	691.0	1852.0	1492.0	1069.0	1825.0	2035.0	4860.0	1248.0	5890.0	5025.0	677.0	7873.0	8787.0	6882.0	4790.0	4198.0	420.0	592.0	441.0	2439.0	106160.0	1269787.0	1695669.476279
sub-8915162	809.0	859.0	2276.0	1827.0	380.0	3278.0	6785.0	3532.0	1054.0	5586.0	2462.0	3673.0	2093.0	3926.0	752.0	1812.0	1181.0	993.0	1377.0	1812.0	4501.0	1195.0	5400.0	4483.0	709.0	6784.0	8470.0	6029.0	4478.0	3698.0	429.0	719.0	391.0	2746.0	96497.2	1248573.0	1780780.394299
sub-0010034	848.0	995.0	2685.0	1711.0	314.0	2806.0	5423.0	2667.0	918.0	4586.0	3036.0	3359.0	2396.0	3334.0	549.0	1590.0	1437.0	1173.0	1887.0	1701.0	4218.0	1206.0	5385.0	4038.0	685.0	7283.0	8547.0	5527.0	4182.0	3431.0	389.0	406.0	404.0	2412.0	91525.6	1257068.0	1678430.327753
sub-0010033	965.0	678.0	2324.0	1632.0	354.0	3285.0	6588.0	3330.0	1076.0	5166.0	2569.0	3014.0	2072.0	4015.0	748.0	1509.0	1397.0	829.0	1410.0	1213.0	4228.0	1266.0	4724.0	4257.0	577.0	6348.0	7984.0	5712.0	4022.0	4025.0	338.0	441.0	397.0	2418.0	90909.7	1154368.0	1555279.539642
sub-2208591	831.0	625.0	2761.0	1574.0	399.0	3035.0	4741.0	3216.0	776.0	5688.0	2256.0	3175.0	1929.0	3793.0	703.0	1557.0	1601.0	760.0	1470.0	1522.0	3016.0	1150.0	5445.0	2958.0	545.0	5987.0	8354.0	3641.0	4064.0	3356.0	324.0	482.0	368.0	2626.0	84727.3	1109198.0	1480942.964439
sub-2756846	755.0	873.0	2752.0	1478.0	507.0	2869.0	5078.0	3250.0	942.0	5380.0	3129.0	3261.0	2117.0	3469.0	548.0	1679.0	1225.0	996.0	1407.0	1400.0	4365.0	1362.0	5137.0	3507.0	669.0	7231.0	7647.0	4765.0	3839.0	3560.0	341.0	489.0	386.0	2393.0	88803.5	1111289.0	1518505.738658
sub-9499804	942.0	823.0	2610.0	1741.0	491.0	3024.0	5803.0	3443.0	869.0	5372.0	2690.0	3479.0	2182.0	3542.0	742.0	1626.0	1744.0	830.0	1682.0	1603.0	4481.0	1388.0	5134.0	4007.0	792.0	6812.0	7286.0	6385.0	3632.0	3617.0	422.0	482.0	344.0	2377.0	92398.0	1149490.0	1503711.783926
sub-0010041	1115.0	988.0	2151.0	1606.0	387.0	3033.0	7284.0	3017.0	981.0	5743.0	2469.0	3338.0	2028.0	3171.0	861.0	1699.0	1289.0	908.0	1722.0	1538.0	4034.0	1176.0	4773.0	4151.0	702.0	7142.0	7490.0	5740.0	3976.0	3593.0	352.0	531.0	378.0	2192.0	91557.8	1191331.0	1605189.2844
sub-0023005	984.0	547.0	1986.0	1591.0	336.0	2726.0	5092.0	2934.0	850.0	4621.0	2559.0	3167.0	2033.0	3657.0	718.0	1580.0	1276.0	823.0	1862.0	1653.0	3607.0	1166.0	4579.0	3651.0	532.0	5588.0	6543.0	5157.0	3628.0	3691.0	273.0	431.0	359.0	2229.0	82429.6	1051706.0	1408231.421599
sub-0010015	784.0	883.0	2402.0	1987.0	452.0	3217.0	5144.0	2965.0	1239.0	5561.0	2449.0	3310.0	1730.0	3267.0	835.0	1417.0	1278.0	906.0	1329.0	1738.0	4454.0	1158.0	4946.0	4886.0	669.0	5857.0	7500.0	7017.0	4405.0	4210.0	415.0	508.0	466.0	2636.0	92022.1	1126820.0	1650908.508106
sub-2074737	1172.0	1007.0	2449.0	2211.0	454.0	3927.0	6831.0	4488.0	1165.0	5969.0	2923.0	3891.0	2326.0	4532.0	647.0	1783.0	1480.0	1077.0	1686.0	2130.0	5121.0	1551.0	6322.0	5180.0	768.0	7866.0	9782.0	6109.0	4630.0	4876.0	478.0	589.0	364.0	2815.0	108600.0	1289333.0	1729320.728513
sub-0027004	1589.0	847.0	3483.0	1898.0	685.0	3933.0	7260.0	3966.0	1222.0	6221.0	2928.0	3008.0	2308.0	5295.0	678.0	2361.0	1741.0	934.0	1563.0	1509.0	5323.0	1983.0	6638.0	5212.0	779.0	7284.0	9929.0	6085.0	5141.0	4937.0	428.0	574.0	422.0	2842.0	111007.0	1297999.0	1766201.866882
sub-0010024	831.0	905.0	2395.0	1751.0	466.0	3648.0	5583.0	3865.0	1268.0	5476.0	2727.0	3878.0	2881.0	4197.0	815.0	1826.0	1590.0	1048.0	1726.0	1988.0	4903.0	1561.0	5483.0	4953.0	824.0	7816.0	9490.0	6411.0	4449.0	4942.0	442.0	619.0	441.0	3054.0	104251.0	1315803.0	1798333.353851
sub-0010023	940.0	887.0	2408.0	2016.0	438.0	3532.0	6062.0	3751.0	1098.0	4796.0	3224.0	3537.0	2310.0	3544.0	516.0	1690.0	1780.0	878.0	1713.0	1790.0	4329.0	1602.0	5658.0	4088.0	711.0	6745.0	9107.0	5860.0	4301.0	3564.0	372.0	540.0	460.0	2760.0	97005.2	1204881.0	1668422.279126
sub-0010040	979.0	897.0	2000.0	1614.0	471.0	3435.0	5565.0	3489.0	923.0	5213.0	2680.0	3420.0	2122.0	3240.0	747.0	1597.0	1368.0	1055.0	1433.0	1650.0	4207.0	1414.0	4694.0	3972.0	516.0	6620.0	6868.0	6727.0	3958.0	3476.0	416.0	479.0	359.0	2721.0	90325.1	1180686.0	1610381.554664
sub-0010078	1028.0	683.0	2051.0	1578.0	407.0	3263.0	6447.0	3636.0	1161.0	6218.0	2621.0	3776.0	2101.0	4026.0	616.0	1512.0	1147.0	922.0	1308.0	1837.0	4697.0	1400.0	5315.0	4590.0	612.0	6742.0	7320.0	6413.0	4381.0	4007.0	369.0	480.0	431.0	2857.0	95950.5	1227594.0	1669617.709752
sub-0010071	808.0	625.0	1385.0	1363.0	356.0	2787.0	5477.0	3032.0	913.0	4590.0	2592.0	2671.0	2110.0	3134.0	646.0	1478.0	1188.0	898.0	1691.0	1364.0	3632.0	1007.0	4587.0	3641.0	660.0	6099.0	7060.0	5457.0	3988.0	3324.0	354.0	531.0	362.0	2148.0	81958.4	1072098.0	1432619.606029
sub-0010085	794.0	653.0	2178.0	1395.0	342.0	2989.0	5052.0	2790.0	872.0	4677.0	2461.0	2967.0	1938.0	3024.0	603.0	1403.0	1303.0	952.0	1648.0	1261.0	3584.0	1232.0	4544.0	3844.0	445.0	5419.0	7017.0	5188.0	3398.0	3189.0	376.0	515.0	358.0	2170.0	80579.4	1014419.0	1384996.246914
sub-0010049	1026.0	954.0	2304.0	1649.0	455.0	2901.0	6888.0	3145.0	1195.0	5750.0	2466.0	3379.0	2359.0	4154.0	602.0	1839.0	2256.0	762.0	1872.0	1475.0	4027.0	1553.0	4456.0	4195.0	740.0	5797.0	6877.0	5682.0	4090.0	3948.0	337.0	522.0	364.0	2647.0	92666.1	1148853.0	1541497.217699
sub-0010076	944.0	816.0	2013.0	1525.0	322.0	2695.0	4889.0	3156.0	920.0	4052.0	2253.0	3018.0	2056.0	3637.0	581.0	1633.0	1100.0	820.0	1449.0	1397.0	3628.0	1218.0	4319.0	3524.0	451.0	5645.0	7193.0	5318.0	3987.0	3568.0	355.0	545.0	377.0	2390.0	81794.2	972450.0	1342860.033406
sub-0010022	1304.0	875.0	1923.0	2003.0	410.0	3216.0	6173.0	3306.0	1190.0	6153.0	3316.0	3515.0	2497.0	4434.0	649.0	1714.0	1470.0	936.0	1418.0	1794.0	4343.0	1377.0	4793.0	5111.0	606.0	4766.0	5990.0	6778.0	4894.0	4399.0	369.0	510.0	433.0	2562.0	95227.3	1250629.0	1839389.471995
sub-2996531	915.0	747.0	2383.0	1977.0	512.0	3733.0	5652.0	4068.0	1057.0	5435.0	3507.0	3592.0	2540.0	4150.0	656.0	1805.0	1857.0	1121.0	2356.0	1795.0	4952.0	1598.0	5340.0	4642.0	775.0	7140.0	8640.0	7068.0	4687.0	4774.0	408.0	670.0	483.0	2679.0	103710.0	1311050.0	1783444.244695
sub-0027005	803.0	678.0	2187.0	1746.0	463.0	2701.0	4318.0	3091.0	866.0	4878.0	2329.0	2983.0	2033.0	3048.0	521.0	1401.0	1164.0	893.0	1716.0	1488.0	3564.0	1191.0	4384.0	3773.0	630.0	5690.0	6881.0	5314.0	4192.0	3301.0	336.0	482.0	361.0	2303.0	81710.5	1048905.0	1506119.589377
sub-0010013	971.0	1040.0	2539.0	1788.0	392.0	3202.0	6122.0	3083.0	1022.0	4886.0	2520.0	3293.0	2045.0	4080.0	794.0	1525.0	1614.0	994.0	1852.0	1642.0	4033.0	1355.0	4717.0	4387.0	776.0	7902.0	7967.0	5725.0	4166.0	3807.0	366.0	557.0	430.0	2695.0	94289.5	903479.0	1472697.438304
sub-0015048	849.0	596.0	2878.0	1766.0	452.0	3342.0	4687.0	3316.0	809.0	5706.0	3089.0	3410.0	2369.0	3424.0	595.0	1602.0	1501.0	985.0	1739.0	1685.0	4338.0	1209.0	5362.0	4302.0	548.0	5906.0	8241.0	6554.0	3446.0	3695.0	403.0	429.0	356.0	2444.0	92032.3	1138789.0	1491867.125718
sub-0016050	1081.0	856.0	2180.0	1979.0	476.0	3549.0	6081.0	3760.0	1361.0	6103.0	3587.0	4307.0	2623.0	3826.0	672.0	1887.0	1820.0	1282.0	2587.0	2149.0	4787.0	1328.0	5488.0	4807.0	800.0	7632.0	8208.0	6726.0	4666.0	4830.0	415.0	713.0	468.0	3261.0	106295.0	1342360.0	1764602.150173
sub-1502229	1107.0	772.0	2215.0	2006.0	547.0	4099.0	6707.0	3728.0	969.0	5463.0	2332.0	3351.0	2277.0	3833.0	900.0	1580.0	1417.0	792.0	1518.0	1870.0	4461.0	1356.0	4727.0	4596.0	822.0	6947.0	8143.0	6389.0	4240.0	4344.0	439.0	608.0	476.0	2479.0	97513.5	1203955.0	1586598.313299
sub-0015041	1056.0	893.0	2191.0	1802.0	435.0	3478.0	6076.0	3714.0	861.0	6112.0	2854.0	3883.0	2549.0	4203.0	807.0	1496.0	1761.0	977.0	2045.0	2153.0	4126.0	1215.0	4841.0	3921.0	767.0	6938.0	7673.0	6225.0	3946.0	3549.0	385.0	454.0	337.0	2546.0	96269.8	1256359.0	1702915.688415
sub-0021046	1034.0	784.0	2448.0	1749.0	373.0	3133.0	6976.0	3091.0	991.0	5074.0	2694.0	3404.0	2097.0	3692.0	745.0	1656.0	1933.0	1160.0	2057.0	1511.0	4194.0	1360.0	4782.0	4326.0	560.0	7254.0	8279.0	5187.0	4105.0	4745.0	402.0	559.0	414.0	2371.0	95142.2	1192997.0	1629175.481348
sub-0021041	913.0	742.0	2035.0	1503.0	381.0	3481.0	6075.0	2943.0	960.0	5147.0	2446.0	3183.0	2249.0	3309.0	672.0	1562.0	1224.0	790.0	1238.0	1469.0	3818.0	1169.0	5250.0	3938.0	636.0	6389.0	7392.0	6283.0	4355.0	3733.0	347.0	473.0	382.0	2554.0	89040.6	1144376.0	1509436.770806
sub-0010104	1072.0	1066.0	2274.0	1972.0	375.0	3604.0	6532.0	3796.0	1335.0	6163.0	3620.0	3456.0	2760.0	4229.0	700.0	1603.0	1888.0	1184.0	2189.0	1804.0	5460.0	1628.0	6149.0	5250.0	843.0	7336.0	8783.0	6495.0	4761.0	5161.0	467.0	570.0	408.0	2703.0	107633.0	1354434.0	1844081.656525
sub-0015015	776.0	634.0	2175.0	1598.0	488.0	2881.0	4346.0	3286.0	824.0	4733.0	2077.0	3405.0	1819.0	3385.0	589.0	1469.0	1342.0	743.0	1314.0	2009.0	3735.0	1235.0	4722.0	4190.0	663.0	4412.0	6308.0	5184.0	3451.0	3124.0	317.0	503.0	348.0	2170.0	80253.5	948440.0	1244951.263338
sub-0010103	1002.0	1169.0	2576.0	1535.0	436.0	3349.0	7225.0	3809.0	946.0	4664.0	2765.0	2763.0	2146.0	3863.0	669.0	1589.0	1310.0	733.0	1254.0	1280.0	4686.0	1486.0	5221.0	4260.0	752.0	6733.0	8664.0	6302.0	3944.0	4150.0	487.0	512.0	391.0	2238.0	94911.0	1197593.0	1649946.415928
sub-5971050	1173.0	895.0	1923.0	1580.0	358.0	2844.0	6232.0	2781.0	860.0	4845.0	2722.0	2711.0	1991.0	3337.0	608.0	1757.0	1303.0	803.0	1493.0	1414.0	4025.0	1382.0	4870.0	4377.0	429.0	5963.0	7505.0	6047.0	3624.0	3905.0	269.0	396.0	348.0	2073.0	86840.0	1069494.0	1445786.051912
sub-0025014	998.0	782.0	1819.0	1765.0	498.0	3718.0	4882.0	3218.0	985.0	4514.0	2562.0	2808.0	2190.0	3245.0	618.0	1231.0	1178.0	904.0	1518.0	1804.0	3642.0	1232.0	4319.0	3391.0	728.0	6456.0	6341.0	4984.0	3665.0	3840.0	335.0	624.0	425.0	2228.0	83445.9	1100902.0	1478780.433432
sub-0015023	728.0	656.0	1581.0	2027.0	384.0	3135.0	4562.0	2874.0	1129.0	5750.0	2405.0	3644.0	1966.0	3106.0	586.0	1332.0	1255.0	912.0	1752.0	1927.0	4434.0	1093.0	4623.0	3658.0	573.0	6040.0	6672.0	5668.0	3522.0	3750.0	385.0	464.0	344.0	2067.0	85003.8	1064538.0	1394591.658788
sub-3560456	811.0	448.0	1332.0	1303.0	386.0	2367.0	4417.0	2581.0	755.0	4443.0	2223.0	2353.0	1526.0	3233.0	701.0	1145.0	1032.0	698.0	1149.0	1185.0	3087.0	898.0	4103.0	3397.0	322.0	3573.0	5516.0	4181.0	3277.0	2500.0	228.0	535.0	326.0	2072.0	68105.9	898976.0	1354002.724299
sub-0015024	1085.0	652.0	2168.0	1874.0	467.0	3559.0	6896.0	3890.0	924.0	5850.0	2689.0	3739.0	2077.0	4064.0	686.0	1987.0	1550.0	851.0	1517.0	1694.0	4649.0	1211.0	5312.0	4509.0	560.0	7087.0	7865.0	6950.0	4245.0	3953.0	386.0	551.0	431.0	2623.0	98554.5	1202962.0	1595519.627099
sub-0021023	976.0	750.0	2538.0	1607.0	437.0	3072.0	5576.0	3166.0	991.0	4818.0	2573.0	3126.0	2242.0	3202.0	679.0	1493.0	1305.0	907.0	1299.0	1649.0	3771.0	1187.0	4877.0	4566.0	699.0	6009.0	7155.0	5929.0	3578.0	3611.0	409.0	461.0	372.0	2307.0	87337.0	1077991.0	1450618.356487
sub-0015040	1175.0	915.0	2674.0	2074.0	492.0	4318.0	8322.0	4384.0	1352.0	7217.0	3404.0	4345.0	2610.0	4669.0	768.0	1905.0	1776.0	1071.0	2021.0	2197.0	4859.0	1307.0	5581.0	4468.0	757.0	6993.0	9041.0	5716.0	4211.0	3490.0	422.0	457.0	348.0	2806.0	108144.0	1268920.0	1729302.611806
sub-0015049	1181.0	705.0	2438.0	1992.0	526.0	4132.0	6390.0	4043.0	1013.0	6421.0	3228.0	4480.0	2531.0	4461.0	773.0	1931.0	1597.0	1066.0	2015.0	2102.0	4743.0	1367.0	5310.0	5117.0	873.0	7959.0	9157.0	6410.0	4538.0	5008.0	403.0	590.0	440.0	2827.0	107769.0	1331197.0	1754432.03814
sub-4053388	966.0	764.0	2514.0	1734.0	387.0	3426.0	6927.0	3614.0	1197.0	5950.0	2669.0	3392.0	2074.0	4186.0	801.0	1658.0	1691.0	880.0	1723.0	1618.0	4388.0	1448.0	4483.0	4433.0	623.0	7214.0	8967.0	5877.0	4313.0	4653.0	397.0	440.0	402.0	2771.0	98579.5	1178326.0	1579697.003714
sub-4134561	1449.0	1195.0	3742.0	2335.0	583.0	3988.0	8188.0	4166.0	1242.0	6942.0	3213.0	4031.0	2580.0	4972.0	796.0	1749.0	2372.0	1048.0	2128.0	2244.0	4285.0	1416.0	8035.0	5644.0	1053.0	7983.0	11729.0	7570.0	5311.0	4365.0	475.0	669.0	470.0	2968.0	120936.0	1431923.0	1942238.032312
sub-8991934	900.0	834.0	2574.0	2115.0	384.0	3088.0	5865.0	3733.0	1049.0	5372.0	3012.0	3712.0	2407.0	3785.0	603.0	1702.0	1408.0	943.0	1498.0	2072.0	4183.0	1375.0	5320.0	4837.0	895.0	7372.0	8065.0	6382.0	4298.0	3734.0	329.0	443.0	416.0	2711.0	97417.0	1156174.0	1608944.770616
sub-0021022	964.0	590.0	1547.0	1426.0	391.0	2782.0	4163.0	2925.0	835.0	4453.0	1644.0	2840.0	1501.0	3177.0	563.0	1418.0	918.0	785.0	1113.0	1397.0	3916.0	1058.0	4543.0	3548.0	517.0	5633.0	6915.0	4673.0	3594.0	3070.0	361.0	421.0	319.0	1881.0	75881.2	966507.0	1265760.535106
sub-0015025	1044.0	861.0	2610.0	1338.0	457.0	3244.0	6012.0	3144.0	999.0	4950.0	2485.0	2640.0	2069.0	3918.0	707.0	1764.0	1372.0	1051.0	1563.0	1242.0	4120.0	1518.0	5282.0	3847.0	577.0	6621.0	8659.0	5398.0	4683.0	4516.0	406.0	450.0	388.0	2629.0	92561.5	1145545.0	1514195.516875
sub-2601519	771.0	802.0	2439.0	1976.0	454.0	3799.0	5552.0	3784.0	1095.0	5810.0	2891.0	3119.0	2355.0	3541.0	622.0	1907.0	1713.0	1097.0	1808.0	1460.0	4977.0	1275.0	6322.0	5050.0	519.0	7118.0	8256.0	7290.0	3846.0	3794.0	396.0	569.0	447.0	2647.0	99499.3	1240677.0	1701670.346053
sub-0015022	1223.0	665.0	2290.0	1564.0	454.0	3544.0	6612.0	3957.0	1001.0	5721.0	3207.0	2942.0	2577.0	4498.0	660.0	1482.0	1714.0	973.0	1763.0	1469.0	4413.0	1396.0	5220.0	4982.0	722.0	6559.0	8315.0	5836.0	4558.0	4416.0	442.0	477.0	423.0	2292.0	98363.9	1265659.0	1656782.639791
sub-0021025	945.0	635.0	1935.0	1868.0	360.0	2980.0	5166.0	2933.0	990.0	4748.0	2426.0	3268.0	2329.0	3457.0	807.0	1258.0	1569.0	930.0	1699.0	1733.0	4248.0	950.0	4684.0	4199.0	683.0	6532.0	7238.0	6097.0	4034.0	4064.0	444.0	512.0	432.0	2413.0	88564.8	1144390.0	1533815.635411
sub-4265987	1123.0	835.0	2266.0	1751.0	436.0	3662.0	7310.0	3880.0	1192.0	5509.0	3406.0	3548.0	2464.0	4079.0	660.0	1456.0	1571.0	1205.0	2091.0	1722.0	4776.0	1605.0	5603.0	4741.0	592.0	7102.0	8012.0	6306.0	4296.0	4834.0	434.0	446.0	358.0	2564.0	101832.0	1256852.0	1774257.639898
sub-0015014	846.0	1011.0	2170.0	1535.0	419.0	3481.0	6460.0	3803.0	924.0	5145.0	2957.0	3214.0	2120.0	4527.0	823.0	1688.0	1544.0	1077.0	1689.0	1456.0	4473.0	1377.0	5214.0	4378.0	875.0	5538.0	6924.0	6243.0	4370.0	4350.0	420.0	545.0	343.0	2731.0	94668.4	1178912.0	1552839.891953
sub-0021013	936.0	1078.0	2165.0	1981.0	352.0	3033.0	4918.0	3496.0	1113.0	6301.0	2768.0	3866.0	2082.0	3774.0	620.0	1571.0	1281.0	917.0	1656.0	1783.0	4748.0	1681.0	5204.0	4810.0	723.0	6167.0	8362.0	6438.0	4144.0	4645.0	387.0	482.0	373.0	2526.0	96379.4	1209414.0	1665664.147374
sub-3349423	1228.0	996.0	2954.0	1891.0	639.0	3708.0	7713.0	4469.0	1192.0	5785.0	3706.0	3812.0	2466.0	4663.0	777.0	1948.0	2003.0	1100.0	2121.0	1860.0	4689.0	1844.0	6001.0	4981.0	861.0	7791.0	9409.0	7186.0	4594.0	4486.0	421.0	724.0	376.0	2793.0	111189.0	1441157.0	1970172.303323
sub-0010102	1043.0	1043.0	2435.0	1814.0	507.0	3677.0	7477.0	4443.0	1327.0	5299.0	2549.0	2659.0	2079.0	5051.0	742.0	1844.0	1248.0	968.0	1384.0	1652.0	5330.0	1438.0	6132.0	4963.0	768.0	7402.0	8940.0	7214.0	4448.0	4399.0	364.0	518.0	501.0	2621.0	104281.0	1288105.0	1852794.285309
sub-0015013	1171.0	937.0	2277.0	2107.0	569.0	4169.0	6384.0	4453.0	1067.0	6142.0	3086.0	4099.0	2278.0	4677.0	762.0	1957.0	1623.0	1171.0	1868.0	1957.0	4761.0	1642.0	5493.0	4726.0	862.0	7215.0	9300.0	6886.0	4656.0	4539.0	406.0	524.0	356.0	2717.0	106836.0	1327632.0	1737457.82199
sub-0021009	809.0	791.0	2104.0	1540.0	379.0	2700.0	4744.0	2574.0	937.0	4395.0	2421.0	2803.0	1999.0	3253.0	647.0	1691.0	1166.0	865.0	1413.0	1652.0	3947.0	1107.0	5189.0	4028.0	403.0	4723.0	7453.0	4913.0	3495.0	3543.0	358.0	459.0	433.0	2108.0	81045.6	1035080.0	1371560.362081
sub-3999344	901.0	622.0	2082.0	1634.0	343.0	3007.0	4785.0	3034.0	930.0	4788.0	2860.0	3186.0	2007.0	3403.0	643.0	1462.0	1181.0	834.0	1194.0	1392.0	4280.0	1063.0	4330.0	3881.0	494.0	6097.0	6264.0	5734.0	3720.0	3994.0	372.0	429.0	377.0	2322.0	83641.7	1114613.0	1497712.365795
sub-0015036	975.0	766.0	1780.0	1469.0	473.0	2948.0	4940.0	3495.0	690.0	4873.0	2528.0	3062.0	2222.0	4189.0	637.0	1740.0	1342.0	827.0	1506.0	1705.0	4000.0	1139.0	4657.0	3853.0	665.0	6561.0	7048.0	5343.0	3794.0	4165.0	413.0	487.0	346.0	2260.0	86899.5	1139752.0	1498126.603625
sub-0025001	987.0	533.0	1499.0	1059.0	343.0	2736.0	4609.0	2637.0	789.0	4265.0	2099.0	2664.0	1720.0	3010.0	637.0	1158.0	1171.0	690.0	1242.0	938.0	3382.0	1023.0	4206.0	3157.0	414.0	4351.0	6032.0	4114.0	3382.0	3260.0	329.0	424.0	284.0	2173.0	71318.1	915365.0	1251297.195394
sub-0010116	958.0	775.0	2435.0	2092.0	417.0	3857.0	7594.0	4505.0	1307.0	6162.0	3174.0	4067.0	2720.0	5456.0	601.0	1596.0	1517.0	954.0	1451.0	2115.0	4895.0	1294.0	5763.0	4857.0	541.0	6775.0	8954.0	6266.0	4236.0	4499.0	433.0	610.0	328.0	2860.0	106063.0	1284196.0	1748689.20535
sub-0015038	935.0	698.0	2419.0	1756.0	603.0	3436.0	6436.0	3712.0	1036.0	5077.0	2614.0	3610.0	2405.0	3619.0	682.0	1478.0	1328.0	1014.0	1593.0	1797.0	4388.0	1178.0	5418.0	4815.0	602.0	6561.0	7318.0	6589.0	3806.0	4441.0	421.0	572.0	368.0	2411.0	95135.0	1261203.0	1690317.773505
sub-1208586	963.0	1010.0	2474.0	1561.0	339.0	3477.0	4740.0	3044.0	1106.0	5911.0	3053.0	3357.0	2247.0	3552.0	653.0	1575.0	1512.0	918.0	1745.0	1491.0	3862.0	1180.0	5284.0	4399.0	655.0	6859.0	8001.0	6012.0	4273.0	4115.0	369.0	607.0	347.0	2987.0	93678.9	1132106.0	1582668.363087
sub-0010111	714.0	719.0	2086.0	1821.0	378.0	2959.0	6120.0	2699.0	1138.0	5114.0	2460.0	3191.0	2145.0	3185.0	602.0	1533.0	1315.0	848.0	1603.0	1702.0	4569.0	1432.0	4530.0	4581.0	442.0	7622.0	8283.0	6416.0	3887.0	4772.0	365.0	464.0	361.0	2754.0	92811.1	1143522.0	1559175.486239
sub-0016074	818.0	642.0	2026.0	1369.0	420.0	2435.0	5171.0	2871.0	810.0	4333.0	2328.0	2717.0	1989.0	2965.0	572.0	1454.0	1118.0	822.0	1378.0	1482.0	3615.0	1239.0	4401.0	3213.0	587.0	5343.0	6192.0	4698.0	3808.0	3201.0	271.0	492.0	325.0	1975.0	77083.0	1030399.0	1387834.905927
sub-4046678	926.0	735.0	2226.0	1937.0	525.0	3167.0	6537.0	3923.0	1016.0	5437.0	3089.0	3009.0	2346.0	3557.0	613.0	1645.0	1318.0	978.0	1603.0	1765.0	4166.0	1183.0	5188.0	4844.0	731.0	5945.0	7742.0	6229.0	3720.0	4513.0	360.0	559.0	375.0	2286.0	94193.4	1205827.0	1633386.131668
sub-1696588	981.0	686.0	1606.0	1895.0	287.0	2706.0	5469.0	2564.0	945.0	4439.0	1897.0	2997.0	1484.0	3261.0	460.0	1227.0	1270.0	552.0	1454.0	1834.0	4025.0	1087.0	4805.0	4006.0	410.0	3546.0	5003.0	5313.0	3409.0	3474.0	251.0	610.0	350.0	2026.0	76327.2	962325.0	1356059.511026
sub-3994098	892.0	686.0	2117.0	1884.0	487.0	3525.0	6191.0	4281.0	883.0	5376.0	2950.0	3372.0	2282.0	4054.0	753.0	1872.0	1659.0	929.0	1815.0	1776.0	4999.0	1420.0	5618.0	4730.0	842.0	6566.0	7328.0	6588.0	3700.0	4301.0	366.0	623.0	347.0	2825.0	98042.2	1185068.0	1623664.192153
sub-0016045	834.0	826.0	2131.0	1727.0	413.0	2954.0	5271.0	2994.0	984.0	5279.0	3028.0	3538.0	2135.0	3256.0	739.0	1511.0	1403.0	961.0	1455.0	1721.0	3144.0	1276.0	5535.0	3709.0	722.0	5638.0	8586.0	5570.0	3554.0	3460.0	337.0	548.0	301.0	1957.0	87498.4	1047801.0	1385082.526708
sub-8191384	906.0	744.0	1625.0	1424.0	496.0	2996.0	5349.0	3100.0	994.0	4570.0	2248.0	3376.0	2073.0	3506.0	586.0	1393.0	1476.0	871.0	1725.0	1515.0	4230.0	1182.0	4980.0	4216.0	500.0	5272.0	7456.0	5712.0	3591.0	3505.0	422.0	599.0	418.0	2321.0	85377.8	1128683.0	1497598.583188
sub-1481430	1364.0	955.0	2598.0	2041.0	481.0	4134.0	6734.0	4678.0	1068.0	6685.0	3030.0	3867.0	2391.0	4741.0	722.0	1720.0	1673.0	1122.0	2099.0	1906.0	4742.0	1725.0	5928.0	5687.0	882.0	7403.0	8584.0	6083.0	4481.0	4276.0	359.0	527.0	437.0	2935.0	108057.0	1388274.0	1843595.471018
sub-0025009	1093.0	1152.0	2148.0	1830.0	472.0	4289.0	7324.0	3826.0	1096.0	6278.0	3456.0	3679.0	2423.0	4492.0	719.0	1600.0	1754.0	1143.0	2191.0	1762.0	4784.0	1502.0	5560.0	4805.0	848.0	7539.0	8234.0	6259.0	5099.0	4814.0	431.0	482.0	443.0	3126.0	106654.0	1425211.0	1949827.897729
sub-0021006	1031.0	642.0	2355.0	1907.0	422.0	3510.0	5796.0	3409.0	1061.0	6135.0	2826.0	3894.0	2175.0	3617.0	663.0	1302.0	1392.0	1136.0	1612.0	2011.0	4106.0	1189.0	4938.0	5132.0	526.0	6531.0	7384.0	6650.0	3968.0	4159.0	443.0	539.0	382.0	2375.0	95218.1	1180522.0	1575212.388142
sub-0015008	1114.0	772.0	2436.0	2120.0	502.0	3281.0	5991.0	3625.0	1224.0	6385.0	2795.0	4253.0	2188.0	3796.0	670.0	1618.0	1564.0	1035.0	1891.0	2305.0	4336.0	1394.0	4936.0	4758.0	747.0	7650.0	7913.0	6044.0	4181.0	4081.0	400.0	506.0	391.0	2983.0	99885.3	1204403.0	1591369.815205
sub-0015037	855.0	628.0	2494.0	1613.0	480.0	3534.0	6137.0	4009.0	973.0	4929.0	3129.0	3512.0	2277.0	3959.0	732.0	1591.0	1849.0	768.0	1677.0	1984.0	4245.0	1157.0	4902.0	4402.0	673.0	5898.0	7612.0	5638.0	3912.0	4365.0	351.0	531.0	417.0	2558.0	93790.7	1256135.0	1677088.163487
sub-0021030	957.0	1171.0	1947.0	2139.0	456.0	3287.0	7077.0	3672.0	1146.0	6049.0	3100.0	3869.0	2504.0	4280.0	765.0	1726.0	1553.0	1008.0	1604.0	2065.0	4869.0	1247.0	4617.0	5570.0	888.0	8381.0	8696.0	5973.0	3857.0	3548.0	460.0	527.0	400.0	2294.0	101704.0	1230447.0	1655228.707656
sub-0010119	832.0	582.0	1622.0	1301.0	445.0	3198.0	6103.0	3308.0	1106.0	4243.0	1843.0	3063.0	1670.0	3412.0	626.0	1480.0	1002.0	740.0	1245.0	1162.0	4740.0	1224.0	4487.0	4821.0	399.0	5038.0	6326.0	7069.0	3514.0	3727.0	372.0	584.0	362.0	2667.0	84316.0	1095413.0	1554457.586446
sub-0021008	830.0	530.0	2299.0	1586.0	426.0	2956.0	5606.0	2944.0	902.0	5479.0	2031.0	2656.0	1728.0	3348.0	604.0	1518.0	1311.0	845.0	1534.0	1413.0	4140.0	1275.0	4944.0	4183.0	372.0	5435.0	7915.0	5895.0	3890.0	3224.0	304.0	453.0	410.0	2643.0	85627.5	1090455.0	1501891.030372
sub-0015030	937.0	830.0	2195.0	1640.0	386.0	3128.0	6626.0	3599.0	834.0	5269.0	2641.0	3269.0	2291.0	4492.0	698.0	1603.0	1417.0	843.0	1568.0	1651.0	4018.0	1288.0	4407.0	3768.0	610.0	6669.0	7912.0	5291.0	3980.0	4252.0	409.0	452.0	380.0	2533.0	91885.4	1179397.0	1633118.268749
sub-0010126	1059.0	850.0	1926.0	2148.0	465.0	3693.0	7353.0	3717.0	1289.0	5603.0	2707.0	3966.0	2188.0	3895.0	925.0	1684.0	1452.0	937.0	1870.0	1823.0	4856.0	1505.0	5035.0	5291.0	762.0	7292.0	7672.0	7365.0	4624.0	4151.0	414.0	695.0	409.0	2779.0	102400.0	1290726.0	1726140.211001
sub-4221029	1103.0	924.0	2077.0	1710.0	525.0	3373.0	6230.0	4149.0	1083.0	5035.0	2771.0	3305.0	2170.0	4597.0	767.0	1943.0	1304.0	833.0	1568.0	1694.0	5617.0	1500.0	5807.0	4315.0	753.0	6485.0	7952.0	5481.0	4290.0	5154.0	441.0	586.0	440.0	2959.0	98937.5	1257421.0	1779907.781906
sub-4079254	927.0	904.0	2613.0	1982.0	464.0	3500.0	6454.0	3325.0	958.0	6073.0	2972.0	3728.0	2529.0	3447.0	643.0	1780.0	1760.0	1129.0	1777.0	1921.0	5345.0	1442.0	5661.0	4510.0	756.0	7061.0	8827.0	6785.0	3781.0	3807.0	427.0	598.0	393.0	2605.0	100885.0	1203121.0	1604969.52203
sub-0016086	973.0	751.0	2397.0	1770.0	510.0	3614.0	6531.0	3693.0	1121.0	5902.0	3379.0	3213.0	2395.0	4045.0	713.0	1742.0	1617.0	1195.0	1948.0	1757.0	4540.0	1396.0	5292.0	4185.0	617.0	7668.0	8080.0	6252.0	4300.0	4168.0	375.0	582.0	440.0	3162.0	100326.0	1276094.0	1716478.419675
sub-0023026	987.0	660.0	1871.0	1358.0	441.0	2828.0	5439.0	2928.0	891.0	4390.0	2321.0	2819.0	1877.0	3572.0	647.0	1456.0	1280.0	796.0	1482.0	1360.0	4137.0	1258.0	3974.0	3793.0	525.0	4939.0	5235.0	5510.0	3614.0	3467.0	327.0	432.0	348.0	2491.0	79455.3	1019020.0	1377699.454814
sub-0010036	969.0	1072.0	1825.0	1683.0	371.0	3032.0	5948.0	3021.0	980.0	5148.0	1927.0	4075.0	1969.0	4013.0	717.0	1744.0	1228.0	711.0	1433.0	1858.0	4207.0	1463.0	4420.0	4399.0	691.0	6176.0	7343.0	5682.0	3763.0	4583.0	368.0	520.0	332.0	2079.0	89751.5	1116463.0	1558252.379391
sub-7504392	859.0	669.0	2014.0	1301.0	459.0	2911.0	5189.0	3513.0	769.0	3814.0	2236.0	2227.0	1903.0	3246.0	509.0	1501.0	1378.0	684.0	1691.0	1136.0	3585.0	1335.0	4347.0	3701.0	573.0	4968.0	6709.0	5365.0	3376.0	3157.0	393.0	425.0	326.0	2250.0	78517.4	983604.0	1356207.161938
sub-9956994	881.0	783.0	3145.0	1522.0	625.0	3129.0	6040.0	4467.0	964.0	4636.0	2722.0	2999.0	2281.0	3899.0	617.0	1560.0	1627.0	987.0	1561.0	1776.0	3916.0	1373.0	4999.0	4904.0	547.0	5809.0	7728.0	5697.0	3449.0	4346.0	369.0	543.0	362.0	2278.0	92542.9	1133814.0	1529725.850146
sub-0027011	1189.0	942.0	3088.0	1778.0	569.0	4054.0	6142.0	3925.0	1188.0	5308.0	3516.0	2923.0	2743.0	4302.0	938.0	1926.0	1985.0	1086.0	2558.0	1608.0	4860.0	1738.0	6514.0	5603.0	766.0	8431.0	9669.0	6972.0	5382.0	4733.0	401.0	548.0	406.0	3143.0	110933.0	1427532.0	2031015.44529
sub-0010038	1007.0	770.0	1927.0	1851.0	452.0	3208.0	6596.0	3479.0	997.0	5454.0	2700.0	3269.0	2254.0	3896.0	559.0	1475.0	1785.0	900.0	2003.0	1701.0	4645.0	1563.0	4976.0	4705.0	499.0	5712.0	6669.0	6598.0	4032.0	4535.0	377.0	572.0	376.0	2780.0	94319.5	1133112.0	1526248.004289
sub-0027018	1244.0	621.0	2494.0	1559.0	565.0	3269.0	6785.0	4050.0	1097.0	5819.0	3123.0	2600.0	2133.0	4340.0	794.0	1582.0	1836.0	997.0	2021.0	1178.0	5030.0	1242.0	5810.0	4578.0	568.0	6375.0	8945.0	6437.0	4536.0	4234.0	412.0	578.0	366.0	2800.0	100018.0	1261975.0	1765637.401198
sub-0010007	968.0	743.0	2609.0	1641.0	421.0	3104.0	5504.0	3293.0	1184.0	5288.0	2878.0	3360.0	2131.0	3528.0	598.0	1519.0	1426.0	1014.0	1664.0	1569.0	4596.0	1155.0	5034.0	4796.0	503.0	6080.0	7699.0	6003.0	4004.0	4120.0	314.0	514.0	378.0	2311.0	91949.4	1125175.0	1497749.427796
sub-4919979	1242.0	1433.0	3371.0	2216.0	566.0	3826.0	7225.0	4407.0	1402.0	6733.0	3230.0	4538.0	2542.0	4697.0	759.0	1824.0	1602.0	1214.0	1529.0	2058.0	5560.0	1724.0	6252.0	6280.0	995.0	6780.0	8484.0	7905.0	5012.0	5042.0	477.0	609.0	439.0	2914.0	114887.0	1342600.0	1863231.176475
sub-0027020	1116.0	737.0	1870.0	1810.0	454.0	2866.0	6337.0	2968.0	763.0	4896.0	2989.0	2909.0	2233.0	3160.0	545.0	1777.0	1275.0	981.0	1499.0	1683.0	3816.0	934.0	4231.0	4843.0	774.0	6243.0	7541.0	5337.0	3956.0	3377.0	384.0	402.0	375.0	2298.0	87380.9	1024536.0	1445331.857195
sub-0010054	799.0	557.0	1703.0	1385.0	401.0	2874.0	5576.0	3489.0	753.0	5162.0	2340.0	2497.0	1917.0	3203.0	652.0	1443.0	1347.0	871.0	1464.0	1357.0	3337.0	1048.0	4522.0	2939.0	704.0	5615.0	7135.0	4987.0	3191.0	2492.0	366.0	491.0	323.0	2128.0	79067.8	1023434.0	1388663.615455
sub-4529116	987.0	642.0	2173.0	1289.0	511.0	3186.0	6735.0	3750.0	875.0	4505.0	2651.0	3149.0	2407.0	4329.0	699.0	1601.0	1516.0	895.0	1620.0	1396.0	4364.0	1206.0	5154.0	4011.0	619.0	6260.0	7735.0	6456.0	4086.0	4417.0	358.0	480.0	404.0	2330.0	92797.5	1102594.0	1475677.76461
sub-0010091	968.0	1071.0	2312.0	2064.0	449.0	3043.0	6570.0	3624.0	1128.0	4944.0	2885.0	3884.0	2479.0	3899.0	716.0	1450.0	1629.0	950.0	1742.0	2067.0	4463.0	1331.0	5280.0	4913.0	692.0	5525.0	7115.0	6788.0	3834.0	3974.0	356.0	466.0	346.0	2340.0	95294.8	1144122.0	1601842.314137
sub-0010096	1313.0	957.0	2605.0	2067.0	494.0	3830.0	6174.0	3561.0	1336.0	5971.0	2921.0	3403.0	2292.0	4091.0	908.0	1789.0	1418.0	1083.0	1911.0	1758.0	4577.0	1536.0	5601.0	4030.0	687.0	7444.0	9724.0	5653.0	4665.0	4506.0	361.0	613.0	483.0	3066.0	102832.0	1292306.0	1758056.436789
sub-0010062	990.0	892.0	2224.0	1821.0	503.0	3398.0	6200.0	4040.0	1194.0	5758.0	3044.0	3492.0	2364.0	4384.0	702.0	1779.0	1850.0	1023.0	2133.0	1546.0	4264.0	1523.0	4935.0	5175.0	530.0	6860.0	7765.0	6218.0	4191.0	3832.0	297.0	494.0	398.0	2862.0	98684.1	1328274.0	1814577.647404
sub-3993793	1018.0	787.0	2507.0	1989.0	569.0	3846.0	6858.0	4459.0	1311.0	6673.0	2643.0	4478.0	2482.0	5062.0	737.0	1644.0	1539.0	938.0	2148.0	2227.0	5013.0	1412.0	5608.0	5331.0	673.0	8136.0	9168.0	6634.0	4429.0	4724.0	403.0	703.0	372.0	2697.0	109219.0	1273226.0	1708691.2596
sub-0010039	1191.0	768.0	2084.0	1555.0	458.0	3480.0	7351.0	3435.0	777.0	5427.0	2877.0	2997.0	2415.0	3918.0	733.0	1858.0	1287.0	865.0	1731.0	1459.0	3674.0	1187.0	4925.0	4241.0	843.0	7330.0	8263.0	5612.0	4202.0	3721.0	401.0	576.0	344.0	2326.0	94309.8	1140274.0	1541011.568546
sub-5669389	925.0	968.0	2744.0	1942.0	452.0	3806.0	6819.0	4434.0	1194.0	6066.0	3162.0	3452.0	2460.0	4405.0	788.0	1845.0	1576.0	1194.0	2071.0	1875.0	4768.0	1581.0	6328.0	4529.0	826.0	7728.0	8155.0	6500.0	4208.0	4122.0	399.0	606.0	434.0	2488.0	104850.0	1304314.0	1745281.460326
sub-8697774	683.0	640.0	1905.0	1989.0	342.0	3162.0	4116.0	2521.0	1019.0	5255.0	2257.0	2800.0	1906.0	2625.0	689.0	1422.0	1408.0	873.0	2065.0	1858.0	4776.0	1403.0	4719.0	4347.0	466.0	6458.0	7855.0	4907.0	3534.0	3468.0	380.0	592.0	394.0	2505.0	85338.1	1103849.0	1549892.940483
sub-0010030	1331.0	1208.0	2399.0	1783.0	702.0	3454.0	6545.0	4106.0	1140.0	5866.0	2683.0	4103.0	2338.0	4450.0	729.0	1627.0	1403.0	1065.0	1886.0	1947.0	4456.0	1299.0	5495.0	3736.0	752.0	6617.0	7372.0	6273.0	4140.0	4425.0	431.0	669.0	363.0	2914.0	99710.9	1309756.0	1797263.568941
sub-9578631	1141.0	1011.0	2204.0	1928.0	438.0	3600.0	6472.0	4474.0	1366.0	5759.0	2563.0	4089.0	2476.0	5073.0	697.0	1787.0	1611.0	1068.0	2015.0	2167.0	5237.0	1418.0	5488.0	5605.0	778.0	7074.0	7165.0	7886.0	4578.0	5290.0	354.0	695.0	435.0	2708.0	106650.0	1276557.0	1774853.654183
sub-0010008	943.0	691.0	1952.0	1377.0	358.0	3254.0	5290.0	3277.0	902.0	4128.0	2080.0	2816.0	1892.0	3601.0	678.0	1385.0	1638.0	733.0	1699.0	1256.0	3943.0	1320.0	4524.0	4027.0	596.0	5151.0	7060.0	5357.0	3971.0	4186.0	352.0	423.0	370.0	2383.0	83609.0	1083838.0	1478760.093827
sub-7011503	1073.0	576.0	2284.0	1807.0	426.0	3359.0	5586.0	3930.0	1381.0	6055.0	2965.0	3946.0	2465.0	4168.0	688.0	1398.0	1730.0	966.0	1872.0	1897.0	4845.0	1354.0	5283.0	4684.0	707.0	6548.0	7198.0	5661.0	4412.0	4174.0	339.0	475.0	391.0	2472.0	97115.1	1296215.0	1703519.953413
sub-0010037	946.0	932.0	2494.0	2111.0	453.0	3681.0	6860.0	4095.0	1146.0	5850.0	2712.0	3879.0	2333.0	4333.0	648.0	1959.0	1364.0	882.0	1653.0	1848.0	4497.0	1485.0	4767.0	4697.0	659.0	7293.0	9035.0	5542.0	3598.0	4259.0	434.0	520.0	305.0	2576.0	99848.3	1271891.0	1715321.010814
sub-0010063	910.0	664.0	2319.0	1271.0	384.0	2626.0	5493.0	3246.0	977.0	3892.0	2001.0	2846.0	1654.0	3438.0	643.0	1481.0	1286.0	801.0	1596.0	1410.0	3494.0	1112.0	4192.0	3684.0	405.0	6521.0	7349.0	5335.0	3457.0	3228.0	297.0	385.0	408.0	2131.0	80937.5	1049917.0	1417818.712448
sub-0010090	999.0	919.0	2930.0	2099.0	357.0	3063.0	5470.0	3632.0	1049.0	6122.0	2722.0	3521.0	2377.0	4327.0	780.0	1705.0	1380.0	766.0	1465.0	1829.0	4535.0	1604.0	5398.0	4600.0	648.0	6970.0	8527.0	5111.0	4287.0	4414.0	377.0	492.0	358.0	2661.0	97492.6	1225411.0	1634515.516587
sub-4072305	786.0	525.0	2220.0	1117.0	459.0	3175.0	5343.0	3667.0	1047.0	5295.0	2288.0	2715.0	2004.0	3526.0	639.0	1386.0	1389.0	917.0	1667.0	1355.0	3766.0	1184.0	4494.0	3679.0	430.0	5340.0	6882.0	4466.0	3538.0	3469.0	326.0	625.0	335.0	2309.0	82362.1	1053586.0	1379271.315851
sub-0010064	1031.0	1070.0	2174.0	1757.0	352.0	3094.0	6569.0	3283.0	999.0	5258.0	3586.0	3404.0	2441.0	3863.0	660.0	1686.0	1238.0	1064.0	1869.0	1389.0	4240.0	1480.0	4893.0	4303.0	674.0	6706.0	8601.0	5845.0	4354.0	3984.0	367.0	484.0	340.0	2878.0	95934.2	1306740.0	1819906.279746
sub-1418396	1225.0	1119.0	2661.0	1828.0	662.0	3828.0	6730.0	4264.0	1497.0	6283.0	3651.0	4031.0	2722.0	4595.0	769.0	1691.0	1767.0	1176.0	1898.0	1899.0	4870.0	1779.0	6154.0	4895.0	1031.0	8934.0	8622.0	7022.0	4043.0	4007.0	435.0	634.0	335.0	2747.0	109805.0	1416177.0	1844866.70991
sub-0010052	889.0	1041.0	2303.0	1740.0	307.0	2798.0	5932.0	3650.0	898.0	5810.0	2720.0	3772.0	2123.0	3881.0	528.0	1838.0	1486.0	990.0	1993.0	1936.0	3987.0	1357.0	4830.0	4611.0	907.0	6941.0	8221.0	6328.0	3748.0	3608.0	357.0	539.0	387.0	2442.0	94895.4	1104744.0	1506635.301109
sub-0010099	1053.0	753.0	2105.0	1869.0	359.0	3234.0	5324.0	3768.0	1105.0	5930.0	2967.0	3494.0	2487.0	4062.0	827.0	1888.0	1304.0	970.0	1745.0	1668.0	4694.0	1454.0	5177.0	4441.0	727.0	7272.0	8061.0	6504.0	4002.0	4586.0	378.0	532.0	360.0	2413.0	97512.0	1188422.0	1593585.983576
sub-3302025	901.0	539.0	1950.0	1470.0	363.0	3158.0	5318.0	3686.0	913.0	5486.0	2646.0	2746.0	2380.0	3616.0	458.0	1500.0	1574.0	845.0	1676.0	1214.0	4100.0	1349.0	4712.0	4802.0	559.0	6916.0	7145.0	7114.0	4151.0	4289.0	350.0	473.0	377.0	2207.0	90982.7	1102620.0	1489323.960654
