subject_id	rh.aparc.thickness	rh_bankssts_thickness	rh_caudalanteriorcingulate_thickness	rh_caudalmiddlefrontal_thickness	rh_cuneus_thickness	rh_entorhinal_thickness	rh_fusiform_thickness	rh_inferiorparietal_thickness	rh_inferiortemporal_thickness	rh_isthmuscingulate_thickness	rh_lateraloccipital_thickness	rh_lateralorbitofrontal_thickness	rh_lingual_thickness	rh_medialorbitofrontal_thickness	rh_middletemporal_thickness	rh_parahippocampal_thickness	rh_paracentral_thickness	rh_parsopercularis_thickness	rh_parsorbitalis_thickness	rh_parstriangularis_thickness	rh_pericalcarine_thickness	rh_postcentral_thickness	rh_posteriorcingulate_thickness	rh_precentral_thickness	rh_precuneus_thickness	rh_rostralanteriorcingulate_thickness	rh_rostralmiddlefrontal_thickness	rh_superiorfrontal_thickness	rh_superiorparietal_thickness	rh_superiortemporal_thickness	rh_supramarginal_thickness	rh_frontalpole_thickness	rh_temporalpole_thickness	rh_transversetemporal_thickness	rh_insula_thickness	rh_MeanThickness_thickness	BrainSegVolNotVent	eTIV
sub-0010011	2.445	2.174	2.996	2.202	3.191	2.545	2.559	2.769	2.907	2.258	3.089	2.163	2.634	2.81	2.233	2.557	2.796	3.311	2.71	1.872	2.102	2.363	2.579	2.587	2.662	2.864	3.073	2.314	2.854	2.603	3.53	3.379	2.459	2.735	2.6376	992979.0	1368395.949419
sub-6568351	2.405	2.313	2.918	2.17	2.386	2.599	2.587	2.974	2.467	2.394	2.951	2.257	2.499	3.0	2.082	2.843	2.958	3.243	2.567	1.657	2.275	2.474	2.806	2.832	2.523	2.818	3.17	2.671	2.816	2.759	3.414	3.065	2.441	2.656	2.70314	1062350.0	1411036.945659
sub-0010029	2.813	2.094	2.738	2.063	3.412	2.852	2.639	2.885	2.522	2.173	2.845	2.379	2.626	2.994	2.569	2.81	2.896	3.08	2.827	1.802	2.317	2.556	2.694	2.772	2.283	2.67	2.915	2.465	2.936	2.713	3.376	2.881	2.659	2.662	2.65785	1126028.0	1517081.108782
sub-0010027	2.649	2.0	2.657	2.211	2.831	2.73	2.54	2.826	2.524	2.3	2.759	2.339	2.692	2.841	2.244	2.846	2.995	2.777	2.628	1.815	2.239	2.56	2.558	2.686	2.466	2.581	2.873	2.454	2.712	2.55	2.71	2.619	2.698	2.653	2.60162	1061340.0	1499172.6222
sub-7333005	2.86	2.61	2.86	2.049	2.959	2.822	2.767	2.924	2.48	2.417	3.017	2.262	2.601	3.232	2.973	2.601	2.885	2.839	2.776	1.5	2.271	2.62	2.714	2.597	3.367	2.513	3.0	2.375	3.215	2.929	3.113	3.189	2.879	3.124	2.71055	1221867.0	1664237.227948
sub-0010073	2.568	1.891	2.602	1.809	2.843	2.497	2.344	2.526	2.088	1.983	2.59	2.199	2.517	2.678	2.291	2.337	2.438	2.723	2.577	1.767	1.917	2.161	2.297	2.379	2.125	2.429	2.859	2.242	2.566	2.417	3.024	3.403	2.317	2.492	2.40799	1285196.0	1714915.098625
sub-0010080	2.71	2.304	2.551	1.794	3.185	2.661	2.463	2.768	2.326	2.085	2.583	1.938	2.301	2.832	2.53	2.313	2.696	3.261	2.534	1.477	2.121	2.367	2.663	2.394	2.289	2.41	2.913	2.109	2.873	2.486	3.356	3.755	2.153	2.645	2.47038	1116192.0	1547601.309612
sub-0010042	2.645	2.15	2.455	2.162	2.801	2.739	2.638	2.803	2.189	2.26	2.731	2.135	2.307	2.892	2.097	2.67	2.825	2.968	2.801	1.922	2.279	2.274	2.607	2.52	2.026	2.668	2.861	2.431	2.88	2.594	3.258	3.572	2.203	2.517	2.56389	1304192.0	1693464.574011
sub-1177160	2.929	2.685	2.994	2.103	3.303	2.956	2.663	2.998	2.417	2.31	3.055	2.221	2.835	3.083	2.831	2.866	2.965	3.364	3.022	1.62	2.266	2.724	2.601	2.509	3.231	2.857	3.199	2.439	3.123	2.709	3.684	3.378	2.735	3.344	2.73205	1135375.0	1530173.748793
sub-4060823	2.779	2.257	2.787	2.017	3.227	2.723	2.636	2.719	2.353	2.181	2.805	2.12	2.408	3.029	2.436	2.9	2.73	2.732	2.686	1.653	2.183	2.504	2.739	2.605	2.335	2.715	3.066	2.451	2.64	2.585	3.094	3.175	2.085	2.394	2.59116	1155264.0	1541521.791743
sub-1023964	3.026	2.73	2.715	2.303	3.287	2.866	2.86	2.98	2.364	2.45	3.062	2.416	2.527	2.935	2.215	2.72	2.689	3.129	2.738	1.966	2.309	2.663	2.557	2.761	2.506	2.804	2.946	2.58	2.932	2.662	3.456	2.806	2.474	2.658	2.71331	1150402.0	1524869.286237
sub-2741068	2.739	2.282	2.893	2.365	3.033	2.701	2.801	2.895	2.338	2.415	2.859	2.411	2.389	2.803	2.301	2.61	2.803	2.914	2.793	2.154	2.733	2.377	2.138	2.746	2.301	2.74	3.062	2.509	2.762	2.716	2.861	3.193	2.753	2.539	2.67676	1232242.0	1658155.072914
sub-0010010	2.564	2.067	2.868	2.364	2.646	2.636	2.652	2.835	2.446	2.323	2.72	2.357	2.48	2.756	2.569	2.772	2.856	2.797	2.651	1.985	2.249	2.316	2.805	2.618	2.555	2.684	2.925	2.466	3.026	2.749	3.048	3.725	2.548	2.641	2.64582	1340866.0	1824002.376112
sub-2983819	2.731	2.213	2.763	1.966	2.75	3.026	2.749	2.809	2.374	2.464	3.119	2.148	2.5	3.062	2.615	2.672	2.985	2.996	3.012	1.598	2.211	2.476	2.661	2.697	2.644	2.673	2.903	2.501	3.144	2.847	2.645	3.014	3.06	2.954	2.69687	1125460.0	1520578.234291
sub-0010043	2.59	2.208	2.698	2.169	2.828	2.892	2.638	2.588	2.635	2.625	2.623	2.397	2.929	2.993	2.084	2.796	2.848	3.329	3.015	2.231	2.351	2.34	2.472	2.72	2.96	2.726	3.29	2.538	2.912	2.583	2.92	2.701	2.862	2.612	2.69451	923022.0	1299468.812469
sub-0010081	2.67	2.277	2.792	1.96	3.22	2.869	2.696	2.786	2.364	2.203	2.804	2.197	2.587	2.957	2.829	2.574	2.982	3.197	2.91	1.698	2.237	2.493	2.699	2.621	2.611	2.687	2.99	2.324	2.943	2.837	2.838	3.554	2.739	2.864	2.64919	1084831.0	1482693.87954
sub-0010075	2.655	1.985	2.569	2.156	2.862	2.73	2.548	2.88	2.287	2.247	2.633	2.223	2.472	3.149	2.56	2.658	2.637	2.932	2.822	2.081	2.149	2.43	2.621	2.657	2.279	2.58	2.938	2.343	2.946	2.54	3.198	3.347	2.76	2.651	2.57946	1204306.0	1595521.029088
sub-0010072	2.75	2.204	2.787	2.418	2.111	2.643	2.804	2.948	2.435	2.338	2.797	2.284	2.525	2.935	1.973	2.764	2.654	2.925	2.769	2.137	2.216	2.337	2.541	2.711	2.536	2.829	3.015	2.54	2.794	2.749	3.439	3.495	2.737	2.573	2.65096	1060495.0	1437928.227948
sub-6953386	2.711	2.434	2.634	2.046	2.91	2.871	2.65	3.009	2.454	2.308	2.843	2.207	2.565	2.875	2.558	2.546	2.846	2.89	2.63	1.855	2.295	2.525	2.65	2.579	2.739	2.46	2.765	2.374	2.891	2.732	2.674	3.382	2.533	3.019	2.62244	1306108.0	1745027.071629
sub-0010086	2.417	2.065	2.676	1.745	2.356	2.511	2.413	2.479	2.199	2.119	2.694	2.012	2.392	2.672	2.334	2.469	2.724	2.773	2.628	1.612	1.96	2.04	2.528	2.383	2.262	2.392	2.781	2.023	2.765	2.408	2.692	3.439	2.419	2.847	2.4109	1216064.0	1618445.038774
sub-0021029	2.64	2.269	2.624	1.974	2.772	2.598	2.702	2.542	2.42	2.329	2.914	2.262	2.559	2.867	2.476	2.696	2.876	2.765	2.681	1.817	2.506	2.427	2.193	2.603	2.721	2.713	2.953	2.512	2.823	2.597	3.04	2.838	2.377	2.904	2.60166	1205309.0	1610385.680667
sub-0015027	3.05	2.314	2.721	2.148	3.221	2.91	2.744	3.036	2.525	2.465	2.73	2.294	2.431	3.142	2.782	2.632	2.778	2.806	2.657	2.045	2.207	2.431	2.841	2.601	2.734	2.569	2.87	2.438	3.04	2.767	3.583	3.903	2.631	2.93	2.6895	1093027.0	1453695.183993
sub-8278680	2.904	2.341	2.791	1.993	3.209	2.829	2.663	2.967	2.442	2.425	2.726	2.114	2.531	3.009	2.657	2.653	2.743	2.841	2.589	1.831	2.199	2.495	2.784	2.583	2.53	2.441	2.866	2.454	3.08	2.759	2.907	3.549	2.52	2.997	2.6596	1251499.0	1701375.546748
sub-1771270	2.781	2.472	2.691	1.847	2.573	2.608	2.506	2.721	2.511	2.142	2.774	1.99	2.657	2.901	2.418	2.496	3.021	2.793	2.803	1.444	2.167	2.524	2.684	2.684	2.711	2.674	3.088	2.333	2.971	2.685	3.132	3.908	2.233	2.925	2.59398	1076727.0	1415689.788946
sub-0021027	2.565	2.462	2.857	2.086	2.596	2.772	2.691	2.68	2.289	2.259	2.84	2.165	2.765	2.894	2.291	2.71	2.812	3.135	2.869	1.65	2.17	2.409	2.7	2.756	2.927	2.673	3.124	2.564	2.798	2.764	3.094	3.206	2.24	2.972	2.65944	1102722.0	1511795.546128
sub-0010109	2.636	2.622	2.819	1.767	2.912	2.814	2.71	2.849	2.298	2.334	2.87	2.203	2.531	3.047	2.472	2.931	2.96	2.691	2.775	1.598	2.308	2.456	2.877	2.609	3.027	2.589	3.091	2.521	2.948	2.743	2.919	3.136	2.58	2.789	2.67598	1089593.0	1484032.661677
sub-5302451	2.551	2.749	2.779	2.14	2.802	2.901	2.698	2.788	2.456	2.329	2.915	2.197	2.637	2.934	2.673	2.81	2.829	2.862	2.572	1.771	2.316	2.631	2.716	2.697	2.827	2.46	2.898	2.387	3.004	2.823	3.032	3.012	2.655	3.138	2.67056	1277949.0	1699729.632546
sub-3624598	2.647	2.55	2.714	1.956	3.113	2.827	2.671	2.788	2.386	2.166	2.78	2.081	2.597	3.018	2.533	2.561	2.886	3.169	2.683	1.515	2.069	2.678	2.645	2.427	2.815	2.573	3.001	2.308	2.953	2.677	2.863	3.44	2.4	2.855	2.60634	1195024.0	1575472.222988
sub-0016053	2.864	2.526	2.869	2.006	2.676	2.891	2.763	3.045	2.604	2.368	2.8	2.1	2.499	3.068	2.846	2.76	2.868	3.158	2.717	1.615	2.363	2.653	2.65	2.663	2.834	2.547	2.893	2.459	3.104	2.866	3.269	3.282	2.775	3.036	2.69859	1275969.0	1704708.253496
sub-0021042	2.558	2.369	2.882	2.211	3.071	2.636	2.631	2.859	2.32	2.221	2.981	2.282	2.376	2.944	2.42	2.883	2.828	3.261	2.706	1.887	2.207	2.41	2.897	2.682	2.453	2.712	3.04	2.438	2.945	2.766	3.345	3.198	2.543	2.598	2.66067	1020767.0	1388498.549421
sub-2950754	2.776	2.486	2.719	2.074	2.987	2.781	2.651	2.918	2.289	2.384	2.697	2.265	2.557	3.016	2.453	2.736	2.787	2.799	2.776	1.88	2.219	2.528	2.71	2.537	2.501	2.536	2.893	2.425	2.835	2.635	2.836	3.351	2.486	3.013	2.62917	1412537.0	1902704.11979
sub-1050345	2.624	2.569	2.626	1.948	3.202	2.648	2.71	2.901	2.397	2.366	3.014	1.811	2.657	2.866	2.399	2.558	2.868	3.035	2.976	1.472	2.065	2.75	2.689	2.676	2.716	2.707	3.031	2.331	2.955	2.71	3.661	3.86	2.16	2.888	2.64188	1277708.0	1709217.929732
sub-3048588	2.633	2.454	2.554	1.977	2.75	2.702	2.499	2.833	2.341	2.253	2.655	2.021	2.454	2.957	2.625	2.486	2.594	2.808	2.519	1.843	2.146	2.328	2.579	2.401	2.658	2.411	2.696	2.23	2.876	2.671	3.001	3.299	2.563	3.032	2.51087	1184958.0	1656531.564508
sub-0015042	2.791	2.292	2.751	2.098	2.997	2.824	2.67	2.76	2.345	2.353	2.766	2.35	2.546	2.996	2.749	2.591	2.878	2.702	2.783	1.845	2.231	2.493	2.745	2.631	2.88	2.601	2.998	2.471	2.986	2.73	2.933	3.385	2.434	3.048	2.66327	1086637.0	1442467.506671
sub-0015021	3.215	2.583	2.823	2.322	3.411	3.186	2.997	3.231	2.604	2.5	2.966	2.389	2.822	3.288	3.04	2.585	2.813	3.229	2.787	1.882	2.661	2.55	2.321	2.903	2.798	2.636	3.003	2.59	3.306	2.877	3.303	4.161	2.772	3.083	2.82248	1122331.0	1487571.714336
sub-0021021	2.58	2.168	2.655	1.812	3.143	2.636	2.487	2.747	2.253	2.161	2.673	2.188	2.47	2.897	2.601	2.549	2.687	2.893	2.763	1.512	2.172	2.445	2.582	2.47	2.538	2.419	2.849	2.237	2.849	2.658	2.949	3.703	2.422	2.521	2.53064	1429437.0	1970358.063935
sub-0010106	2.229	2.092	2.92	1.908	3.034	2.736	2.551	2.668	2.222	2.325	2.921	2.103	2.47	2.721	2.405	2.682	2.8	2.879	2.461	1.621	2.195	2.432	2.645	2.45	2.397	2.825	3.035	2.394	2.8	2.55	3.003	3.129	2.192	2.511	2.56822	1095515.0	1476499.466927
sub-0021017	2.607	2.324	2.943	1.981	2.917	2.609	2.674	2.97	2.38	2.288	2.781	2.324	2.662	3.141	2.404	2.658	2.972	3.052	2.919	1.86	2.151	2.412	2.727	2.583	2.327	2.646	3.08	2.462	3.027	2.735	2.792	3.401	1.983	2.478	2.65935	1005598.0	1391376.711812
sub-0021028	2.557	2.474	2.741	2.072	3.076	2.572	2.62	2.587	2.265	2.335	2.648	2.067	2.38	2.991	2.317	2.734	2.694	3.039	2.668	1.693	2.22	2.371	2.697	2.595	2.543	2.765	2.991	2.477	2.755	2.689	3.16	3.067	2.507	2.647	2.58683	1103441.0	1469681.542102
sub-0015017	2.749	2.35	2.66	2.279	2.912	2.944	2.692	2.936	2.396	2.419	2.921	2.255	2.558	2.86	2.652	2.516	2.824	2.963	2.673	1.87	2.204	2.404	2.592	2.59	2.814	2.541	2.911	2.428	3.17	2.656	3.249	3.727	2.886	3.074	2.65198	1265451.0	1683462.517017
sub-0010101	2.856	2.278	2.724	1.942	2.443	2.579	2.654	2.764	2.454	2.145	2.58	2.081	2.245	2.824	2.495	2.485	2.744	2.778	2.712	1.563	2.075	2.533	2.527	2.666	2.309	2.524	3.075	2.356	2.778	2.662	3.212	2.694	2.378	2.417	2.52484	1016426.0	1361463.329523
sub-0015028	2.83	2.612	2.644	2.457	3.076	2.992	2.714	2.874	2.525	2.485	2.753	2.416	2.773	2.893	2.805	2.817	2.828	2.757	2.627	2.086	2.487	2.546	2.656	2.637	3.102	2.402	2.912	2.545	2.899	2.785	2.943	3.803	2.71	3.189	2.70573	1216908.0	1608083.012364
sub-1093743	2.726	2.861	2.657	2.1	3.015	2.794	2.631	2.846	2.225	2.443	2.687	2.326	2.596	3.067	2.599	2.611	2.819	2.539	2.576	1.793	2.273	2.6	2.682	2.566	2.859	2.474	2.887	2.425	2.961	2.728	2.815	3.159	2.568	3.036	2.638	1295960.0	1778402.941974
sub-0015043	2.829	2.415	2.689	1.878	2.879	2.942	2.711	2.985	2.497	2.261	2.922	2.106	2.711	2.956	2.943	2.59	2.93	2.841	2.565	1.606	2.243	2.563	2.652	2.584	2.772	2.485	2.883	2.362	3.128	2.805	2.832	3.757	2.971	3.099	2.64853	1207090.0	1621639.08197
sub-0015044	3.011	2.577	2.663	2.072	2.874	2.934	2.865	2.974	2.668	2.319	2.784	2.41	2.538	2.987	2.99	2.689	2.789	2.824	2.65	1.75	2.343	2.62	2.654	2.663	2.937	2.55	2.868	2.481	3.051	2.811	2.694	3.622	2.737	3.019	2.68573	1174011.0	1562057.682792
sub-0016055	2.876	2.586	2.767	2.089	2.858	2.82	2.843	2.924	2.594	2.291	2.621	2.297	2.602	3.036	2.604	2.767	2.807	3.056	2.495	1.861	2.296	2.438	2.711	2.609	2.781	2.557	2.9	2.518	2.882	2.837	2.867	3.781	2.664	3.12	2.669	1251152.0	1696909.571707
sub-6115230	2.614	2.559	2.671	1.936	2.909	2.666	2.511	2.946	2.188	2.256	2.688	2.081	2.438	2.872	2.786	2.538	2.759	3.013	2.599	1.679	2.159	2.436	2.707	2.454	2.805	2.425	2.765	2.257	2.816	2.664	2.546	3.359	2.299	2.902	2.53689	1008110.0	1377092.159782
sub-4241194	2.507	2.813	2.768	1.839	3.111	2.609	2.523	2.85	2.343	2.204	2.782	2.028	2.682	2.994	2.536	2.465	2.889	3.072	2.779	1.572	1.961	2.527	2.622	2.424	2.895	2.699	3.002	2.276	2.821	2.71	3.458	3.615	2.029	3.067	2.5767	1263079.0	1773765.983906
sub-4136226	3.132	2.651	2.808	1.898	2.962	2.998	2.864	2.916	2.833	2.39	3.082	2.161	2.697	3.355	2.814	2.602	3.002	3.415	2.854	1.836	2.127	2.909	2.544	2.562	3.001	2.892	3.115	2.416	3.099	2.805	3.389	3.76	2.48	3.121	2.73357	1117600.0	1497685.188161
sub-1875013	2.671	2.238	2.678	2.017	3.182	2.815	2.569	2.774	2.214	2.248	2.762	2.161	2.6	3.0	2.499	2.799	2.933	3.023	2.675	1.916	2.215	2.525	2.689	2.498	2.826	2.582	2.922	2.383	2.829	2.632	3.022	3.65	2.525	2.946	2.60596	1208612.0	1648608.820107
sub-0010123	2.462	2.217	2.409	2.049	3.09	2.944	2.316	2.848	2.407	2.173	2.869	2.11	2.708	2.859	2.631	2.589	2.635	2.901	2.79	1.824	2.257	2.525	2.497	2.452	2.887	2.393	2.728	2.14	2.998	2.507	2.91	3.677	2.726	2.6	2.51765	1156741.0	1627189.912081
sub-0015035	2.943	2.407	2.538	2.001	2.83	2.637	2.815	2.873	2.379	2.379	2.607	2.126	2.486	3.075	2.794	2.731	2.793	2.627	2.607	1.985	2.225	2.554	2.64	2.705	2.741	2.342	2.869	2.464	2.891	2.837	3.013	3.388	2.547	2.861	2.62584	1317284.0	1725485.907189
sub-0025002	2.558	2.121	2.569	2.128	3.108	2.685	2.546	2.785	2.036	2.269	2.493	2.004	2.273	2.914	2.411	2.456	2.703	2.578	2.43	1.578	2.021	2.151	2.45	2.545	2.454	2.186	2.532	2.318	2.845	2.498	2.475	3.138	2.192	2.921	2.43634	1353340.0	1892613.442741
sub-8409791	2.474	2.324	2.678	2.102	2.722	2.74	2.599	2.835	2.273	2.481	2.671	2.29	2.637	2.79	2.477	2.503	2.777	2.836	2.69	1.925	2.313	2.362	2.657	2.545	2.917	2.516	2.792	2.449	2.977	2.711	2.762	3.361	2.532	2.876	2.6157	1313480.0	1794897.325611
sub-0021035	2.788	2.205	2.621	1.99	2.647	2.744	2.568	2.787	2.344	2.246	2.757	2.218	2.623	2.943	2.159	2.664	2.647	2.972	2.749	1.827	2.136	2.372	2.586	2.561	2.262	2.598	2.918	2.401	2.864	2.657	3.151	3.305	2.541	2.8	2.58541	1257435.0	1714602.740092
sub-0015004	3.056	2.736	2.698	2.21	2.822	2.913	2.739	2.885	2.531	2.462	2.789	2.449	2.762	3.06	2.934	2.649	2.76	2.885	2.739	1.833	2.367	2.661	2.589	2.709	3.164	2.628	2.916	2.533	2.889	2.845	3.113	3.22	2.957	3.063	2.70339	1111055.0	1500912.205862
sub-4219416	3.099	2.65	2.793	2.239	3.226	2.719	2.834	2.814	2.655	2.536	3.025	2.497	2.557	3.259	3.044	2.824	3.086	2.663	2.725	1.889	2.518	2.642	2.491	2.711	2.992	2.627	2.991	2.73	2.968	2.861	3.001	3.241	2.821	2.914	2.7615	1003713.0	1355248.567302
sub-0010115	2.501	2.199	2.824	1.912	2.959	2.571	2.515	2.852	2.388	2.182	2.712	2.225	2.589	2.69	2.122	2.55	2.888	2.927	2.739	1.689	2.063	2.428	2.84	2.649	2.277	2.486	3.018	2.396	2.797	2.535	3.006	2.885	2.582	2.62	2.56727	1103559.0	1471947.972271
sub-0016047	2.609	2.576	2.514	1.981	2.729	2.515	2.491	2.772	2.396	2.171	2.734	2.084	2.492	2.829	2.593	2.402	2.626	2.814	2.468	1.648	2.228	2.503	2.587	2.524	2.656	2.444	2.703	2.27	2.708	2.653	3.028	3.475	2.381	2.808	2.49214	1216760.0	1586231.168623
sub-0016078	2.64	2.323	2.734	1.996	2.712	2.674	2.646	3.022	2.369	2.269	2.771	2.136	2.509	3.099	2.761	2.551	2.904	3.042	2.675	1.84	2.363	2.455	2.743	2.57	2.647	2.524	2.846	2.327	2.983	2.744	2.638	3.332	2.482	3.099	2.63147	1268986.0	1721061.725067
sub-0015051	2.823	2.467	2.645	2.132	3.347	2.676	2.805	2.773	2.621	2.283	2.728	2.289	2.5	2.95	2.828	2.703	2.72	2.945	2.585	1.884	2.272	2.6	2.475	2.666	2.944	2.558	2.805	2.416	2.902	2.885	2.67	3.293	2.659	3.012	2.62753	1126703.0	1530940.525974
sub-0016071	2.601	2.315	2.54	1.984	3.069	2.736	2.54	2.876	2.571	2.231	2.686	2.036	2.391	2.938	2.792	2.53	2.517	2.759	2.579	1.733	2.136	2.324	2.579	2.355	2.924	2.502	2.816	2.25	2.714	2.634	2.921	3.349	2.264	3.005	2.50939	948276.0	1317789.755209
sub-0010113	2.536	2.15	2.72	1.824	3.015	2.487	2.572	2.642	2.204	2.093	2.82	2.04	2.515	2.813	2.337	2.607	2.64	2.929	2.701	1.565	2.183	2.106	2.83	2.415	2.459	2.458	2.877	2.234	2.668	2.575	2.766	3.148	2.396	2.572	2.49896	1034040.0	1391994.539692
sub-0015005	2.706	2.257	2.699	2.064	3.255	2.855	2.767	2.814	2.23	2.355	2.569	2.077	2.426	3.028	2.812	2.543	2.768	2.66	2.417	1.713	2.389	2.401	2.724	2.71	2.932	2.397	2.824	2.471	2.957	2.757	2.569	4.105	2.529	2.892	2.62335	1183397.0	1575049.332783
sub-6500128	2.652	2.38	2.643	2.167	2.755	2.905	2.642	2.961	2.571	2.423	2.745	2.246	2.581	2.898	2.257	2.511	2.906	2.724	2.691	1.862	2.599	2.503	2.197	2.639	2.709	2.596	2.853	2.469	2.954	2.668	2.981	3.365	2.409	3.121	2.64456	1232524.0	1670135.243421
sub-0015033	3.005	2.491	2.695	2.156	3.152	2.927	2.691	2.931	2.377	2.572	2.823	2.245	2.76	3.009	2.906	2.647	2.946	2.827	2.636	1.623	2.364	2.621	2.642	2.668	3.272	2.474	2.938	2.545	2.935	2.83	3.009	3.89	2.727	2.812	2.6956	1238831.0	1652957.269183
sub-0010122	2.446	1.895	2.869	1.941	3.156	2.637	2.501	2.866	2.236	2.256	2.648	2.195	2.499	2.913	2.408	2.583	2.719	2.914	2.727	1.84	2.192	2.15	2.759	2.492	2.462	2.65	2.97	2.201	2.924	2.671	3.122	3.661	2.792	2.839	2.57551	1415759.0	1938744.631428
sub-0015034	2.863	2.609	2.856	2.226	3.112	2.714	2.787	2.991	2.479	2.447	2.848	2.286	2.671	2.981	2.847	2.731	2.871	3.032	2.692	2.004	2.307	2.736	2.725	2.627	2.889	2.552	2.939	2.513	2.949	2.783	3.086	3.759	2.673	3.112	2.70704	1270118.0	1679829.896004
sub-0010050	2.662	2.099	2.478	1.995	2.995	2.667	2.26	2.692	2.454	2.109	2.498	2.064	2.429	2.966	2.385	2.401	2.69	2.929	2.563	1.762	1.943	2.555	2.51	2.393	2.502	2.362	2.757	2.204	2.815	2.45	2.608	3.162	2.388	2.675	2.45076	1152329.0	1590464.237683
sub-0010068	2.577	2.674	3.022	2.046	2.526	2.559	2.718	2.512	2.508	2.437	2.762	2.144	2.777	2.758	2.504	2.932	2.875	3.135	2.594	1.97	2.271	2.647	2.791	2.716	2.777	2.723	3.083	2.343	2.813	2.655	3.314	3.707	2.314	2.788	2.65538	1414846.0	1902804.70146
sub-1404738	2.553	2.384	2.64	1.933	2.913	2.884	2.716	3.041	2.535	2.248	2.877	2.057	2.491	3.036	2.32	2.713	2.816	3.092	2.785	1.73	2.077	2.475	2.685	2.54	2.839	2.663	2.976	2.432	3.04	2.715	3.257	3.479	2.39	2.92	2.6516	1134805.0	1515856.960945
sub-9750701	2.676	2.065	2.925	1.879	2.958	2.742	2.688	3.136	2.238	2.255	2.974	2.051	2.468	2.944	2.464	2.851	3.032	2.997	2.794	1.646	2.108	2.428	2.767	2.7	2.448	2.839	3.184	2.523	2.908	2.768	3.355	3.355	2.378	2.531	2.68299	1037746.0	1406548.831224
sub-4116166	2.914	2.187	2.859	2.011	3.072	2.77	2.715	2.897	2.29	2.423	2.689	2.228	2.512	3.083	2.814	2.843	2.782	3.18	2.735	1.545	2.41	2.446	2.792	2.64	2.405	2.763	3.004	2.522	3.215	2.7	3.114	3.77	2.813	2.659	2.69115	1245687.0	1645875.805036
sub-0010092	2.561	2.313	2.512	1.997	2.52	2.424	2.485	2.409	2.36	2.068	2.308	2.066	2.376	2.726	2.187	2.415	2.669	2.941	2.692	1.864	2.161	2.393	2.649	2.474	2.642	2.495	2.764	2.239	2.742	2.725	2.536	2.348	2.005	2.5	2.44616	1053362.0	1517329.866762
sub-0010035	2.767	2.438	2.603	2.23	2.952	2.928	2.699	2.735	2.229	2.573	2.813	2.373	2.672	2.997	2.425	2.7	2.68	3.128	2.785	1.995	2.246	2.561	2.738	2.721	2.778	2.634	3.011	2.462	2.895	2.676	2.943	3.16	2.804	2.67	2.68045	1183507.0	1552151.415442
sub-0010003	2.375	2.359	2.697	2.375	2.412	2.661	2.613	2.685	2.396	2.508	2.437	2.229	2.139	2.766	2.163	2.795	2.527	2.433	2.897	2.096	2.302	2.684	2.524	2.673	2.514	2.699	2.903	2.405	2.363	2.239	2.48	2.818	2.416	2.185	2.52535	759617.0	1201864.098078
sub-0010004	2.76	2.162	2.795	1.835	2.36	2.691	2.736	2.648	2.761	2.167	2.493	2.078	2.597	3.055	2.824	2.443	3.001	2.882	2.664	1.733	2.141	2.524	2.687	2.434	2.11	2.724	3.129	2.233	2.848	2.767	2.775	3.218	2.583	2.557	2.57984	903754.0	1259168.465611
sub-0010093	2.684	2.08	3.018	2.076	3.249	2.761	2.524	2.772	2.364	2.225	2.542	2.158	2.521	2.953	2.152	2.725	2.85	3.134	2.986	1.82	2.157	2.309	2.723	2.573	2.621	2.704	3.096	2.392	3.019	2.751	2.653	3.726	2.563	2.579	2.62797	955930.0	1294989.833168
sub-0010067	2.559	2.123	2.736	2.545	2.162	2.245	2.461	2.32	2.872	2.42	2.422	2.25	2.475	2.597	2.265	2.842	2.503	2.715	2.836	2.068	2.288	2.392	2.501	2.558	2.627	2.802	3.13	2.203	2.427	2.66	3.605	2.143	1.899	2.23	2.51739	944013.0	1726074.940603
sub-0010058	2.7	2.447	2.706	1.761	3.021	2.671	2.552	2.602	2.419	2.121	2.612	1.926	2.293	2.834	2.306	2.53	2.961	2.987	2.789	1.49	2.171	2.395	2.64	2.476	2.413	2.483	2.897	2.318	2.869	2.647	2.861	3.367	2.18	2.711	2.52366	1256986.0	1691810.102852
sub-8387093	2.828	2.488	2.582	1.84	2.888	2.602	2.519	2.817	2.293	2.29	2.527	2.12	2.405	2.813	2.656	2.334	2.446	2.637	2.493	1.553	2.234	2.401	2.412	2.373	2.793	2.334	2.796	2.282	2.717	2.665	2.523	3.321	2.28	2.974	2.48929	1229006.0	1701362.261925
sub-4084645	2.291	1.847	2.815	2.103	2.933	2.784	2.618	2.819	2.236	2.316	2.7	2.07	2.455	2.664	1.911	2.704	2.464	2.66	2.615	1.718	2.174	2.272	2.489	2.685	2.353	2.651	3.014	2.469	2.675	2.59	2.919	2.746	2.317	2.736	2.55101	952315.0	1306681.008353
sub-0010069	2.826	2.193	2.447	2.003	2.906	2.536	2.539	2.594	2.149	2.138	2.65	2.132	2.342	2.818	2.411	2.585	2.852	2.725	2.464	1.852	2.077	2.336	2.582	2.56	2.42	2.412	2.886	2.258	2.849	2.533	2.772	3.58	2.523	2.618	2.48263	1338835.0	1864284.398864
sub-0010051	2.922	2.439	2.651	2.038	3.191	2.64	2.604	2.76	2.195	2.316	2.616	2.172	2.474	2.917	2.653	2.694	2.722	2.994	2.698	1.785	2.123	2.367	2.602	2.665	2.727	2.534	2.826	2.426	2.928	2.718	2.683	3.399	2.936	2.819	2.58583	1266001.0	1681064.043103
sub-0010005	2.719	2.206	2.741	2.22	2.553	2.359	2.578	2.577	2.197	2.149	2.5	2.189	2.42	2.669	1.998	2.528	2.6	3.015	2.576	2.17	2.393	2.306	2.645	2.387	2.347	2.655	2.991	2.28	2.836	2.448	2.372	2.918	2.752	2.628	2.53569	1133062.0	1597457.188079
sub-4016887	2.75	2.834	2.865	2.263	2.976	2.836	2.76	2.969	2.437	2.365	2.996	2.274	2.689	3.104	2.304	2.922	2.817	2.767	2.821	1.945	2.409	2.745	2.871	2.704	3.149	2.631	3.08	2.552	3.106	2.941	2.853	3.583	2.588	3.183	2.76752	1289772.0	1701944.154433
sub-7407032	2.603	2.522	2.785	2.115	2.945	2.89	2.535	2.915	2.361	2.309	2.793	2.32	2.568	2.956	2.557	2.43	2.735	2.836	2.662	1.679	2.237	2.531	2.547	2.494	2.736	2.49	2.828	2.296	2.892	2.75	3.038	3.529	2.673	2.903	2.59331	1332657.0	1857824.86889
sub-0010002	2.657	2.151	2.691	1.919	3.212	2.523	2.48	2.447	2.594	2.144	2.767	2.169	2.516	2.782	2.132	2.485	2.796	2.781	2.835	1.685	2.078	2.294	2.383	2.451	2.528	2.448	2.853	2.259	2.86	2.57	2.976	3.45	2.416	2.629	2.48651	1031236.0	1411428.512144
sub-0023012	2.824	2.563	2.984	2.276	2.996	3.001	2.688	3.039	2.618	2.397	2.93	2.465	2.475	3.137	3.094	2.831	2.975	2.995	2.819	2.098	2.356	2.509	2.862	2.744	2.969	2.634	3.015	2.544	3.109	2.847	3.073	3.54	2.975	3.074	2.77598	1139467.0	1521041.460735
sub-4075719	2.451	2.526	2.515	1.839	2.726	2.67	2.506	2.875	2.372	2.183	2.753	1.987	2.44	2.872	2.13	2.501	2.599	2.811	2.525	1.484	2.07	2.543	2.518	2.557	2.858	2.515	2.854	2.362	2.852	2.6	2.837	3.256	2.276	2.935	2.51943	1269787.0	1695669.476279
sub-8915162	2.324	2.269	2.555	1.989	2.539	2.267	2.565	2.251	2.307	2.13	2.452	2.142	2.64	2.438	2.42	2.689	2.264	2.826	2.776	1.986	2.21	2.488	2.434	2.564	2.563	2.725	2.91	2.244	2.56	2.625	2.936	2.303	2.16	2.313	2.4602	1248573.0	1780780.394299
sub-0010034	2.763	2.395	3.063	2.28	2.697	2.757	2.74	2.857	2.532	2.46	2.957	2.292	2.483	2.955	2.407	2.873	2.882	3.211	2.855	1.907	2.253	2.284	2.785	2.741	2.25	2.756	2.994	2.481	3.04	2.74	3.192	3.111	2.642	3.002	2.71649	1257068.0	1678430.327753
sub-0010033	2.537	2.336	2.981	2.288	3.081	2.732	2.65	2.838	2.296	2.304	2.854	2.208	2.385	3.017	2.621	3.011	2.766	3.114	3.077	1.554	2.177	2.359	2.643	2.72	2.356	2.631	2.961	2.442	2.984	2.708	2.833	3.095	2.48	2.691	2.65032	1154368.0	1555279.539642
sub-2208591	2.548	2.741	2.57	1.862	3.14	2.749	2.558	2.912	2.247	2.247	2.939	1.983	2.635	2.83	2.896	2.546	2.872	2.956	2.698	1.529	2.454	2.348	2.179	2.561	3.047	2.723	2.885	2.331	2.862	2.403	3.146	3.553	2.187	2.659	2.56867	1109198.0	1480942.964439
sub-2756846	2.582	2.461	2.761	1.886	2.825	2.706	2.587	2.808	2.394	2.322	2.677	2.002	2.469	2.797	2.914	2.403	2.872	2.862	2.772	1.628	2.247	2.343	2.591	2.406	2.888	2.433	2.847	2.358	2.941	2.697	2.595	3.335	2.549	2.788	2.56107	1111289.0	1518505.738658
sub-9499804	2.911	2.617	2.805	2.192	3.043	2.963	2.783	3.058	2.56	2.522	2.848	2.162	2.587	3.179	2.822	2.801	2.743	2.807	2.668	1.94	2.265	2.473	2.795	2.725	2.958	2.564	2.993	2.582	3.084	2.762	2.48	4.059	2.46	2.999	2.72601	1149490.0	1503711.783926
sub-0010041	2.564	2.287	2.706	2.166	3.055	2.652	2.604	2.792	2.15	2.412	2.81	2.234	2.647	2.884	2.17	2.647	2.739	3.48	2.654	1.774	2.111	2.426	2.678	2.682	2.208	2.748	3.061	2.428	2.937	2.526	2.872	3.108	2.405	2.773	2.62208	1191331.0	1605189.2844
sub-0023005	2.738	2.652	2.827	2.055	2.864	2.889	2.752	2.766	2.591	2.33	2.902	2.199	2.723	3.107	2.758	2.698	2.941	2.863	2.775	1.699	2.302	2.73	2.878	2.709	2.992	2.655	2.95	2.488	3.006	2.797	2.867	3.795	2.611	3.072	2.70863	1051706.0	1408231.421599
sub-0010015	2.557	2.096	2.434	1.939	2.246	2.212	2.629	2.326	2.215	2.215	2.738	2.137	2.347	2.644	2.062	2.455	2.772	2.475	2.691	1.817	2.19	2.332	2.483	2.464	2.294	2.62	2.631	2.291	2.697	2.427	2.416	2.178	2.345	2.462	2.42192	1126820.0	1650908.508106
sub-2074737	2.722	2.313	2.661	1.964	2.479	2.657	2.582	2.762	2.257	2.142	2.562	2.047	2.486	2.661	2.626	2.509	2.563	2.659	2.464	1.823	2.267	2.483	2.564	2.383	2.686	2.439	2.874	2.309	2.994	2.648	2.886	3.35	2.826	3.0	2.52914	1289333.0	1729320.728513
sub-0027004	2.761	2.323	2.772	2.036	2.648	2.627	2.715	2.73	2.321	2.388	2.795	2.124	2.303	2.578	2.476	2.538	2.681	2.917	2.624	1.846	2.407	2.425	2.805	2.501	2.528	2.509	2.847	2.548	2.972	2.697	2.485	2.589	2.715	2.874	2.61183	1297999.0	1766201.866882
sub-0010024	2.6	2.136	2.765	2.093	3.416	2.818	2.57	2.97	2.381	2.299	2.735	2.157	2.41	3.112	2.334	2.765	2.764	3.161	2.679	1.812	2.191	2.156	2.492	2.704	2.126	2.638	2.831	2.468	2.834	2.69	3.117	3.294	2.232	2.39	2.59247	1315803.0	1798333.353851
sub-0010023	2.337	2.036	2.807	1.942	2.919	2.672	2.601	2.747	1.913	2.139	2.599	1.964	2.381	2.962	2.58	2.575	2.695	3.235	2.712	1.633	2.032	2.374	2.528	2.589	2.413	2.578	2.872	2.368	2.724	2.48	2.563	3.584	2.177	2.481	2.5122	1204881.0	1668422.279126
sub-0010040	2.62	2.243	2.593	2.084	2.869	2.534	2.8	2.763	2.362	2.229	2.645	2.08	2.645	2.909	2.108	2.831	2.748	3.001	2.609	1.757	2.151	2.267	2.572	2.733	2.126	2.586	2.898	2.426	2.721	2.675	2.956	3.161	2.475	2.398	2.55536	1180686.0	1610381.554664
sub-0010078	2.691	2.099	2.714	2.406	2.477	2.59	2.564	2.692	2.247	2.323	2.805	2.215	2.627	2.907	2.317	2.628	2.751	2.818	2.678	1.946	2.335	2.245	2.586	2.684	2.639	2.695	2.951	2.312	2.69	2.819	2.96	2.658	2.815	2.765	2.59141	1227594.0	1669617.709752
sub-0010071	2.678	2.489	2.676	2.055	3.111	2.706	2.653	2.877	2.624	2.263	2.766	2.319	2.526	2.97	2.417	2.67	2.759	3.012	2.796	1.697	2.269	2.584	2.659	2.588	2.762	2.697	2.789	2.361	3.006	2.767	3.078	2.908	2.906	2.682	2.62984	1072098.0	1432619.606029
sub-0010085	2.53	2.218	2.937	1.987	3.574	2.607	2.65	2.832	2.563	2.334	3.131	2.1	2.5	3.005	2.432	2.965	2.716	3.02	2.852	1.827	2.129	2.452	2.89	2.698	2.606	2.658	3.218	2.479	2.988	2.827	2.719	3.396	2.583	2.848	2.70106	1014419.0	1384996.246914
sub-0010049	2.65	2.243	2.927	2.171	3.433	2.672	2.555	2.865	2.416	2.527	3.088	2.303	2.49	3.055	2.286	2.758	2.681	3.389	2.769	1.808	2.306	2.425	2.773	2.662	2.203	2.755	3.034	2.57	2.864	2.601	3.238	3.428	2.607	2.684	2.67826	1148853.0	1541497.217699
sub-0010076	2.433	2.257	2.549	1.722	3.259	2.709	2.492	2.605	2.362	2.011	2.986	2.167	2.612	2.881	2.498	2.573	2.688	2.787	2.591	1.48	2.019	2.565	2.357	2.504	2.588	2.618	2.837	2.068	2.918	2.604	3.105	3.487	2.344	2.723	2.504	972450.0	1342860.033406
sub-0010022	2.495	2.699	2.369	2.127	2.574	2.665	2.58	2.746	2.501	2.375	2.583	2.305	2.248	2.803	2.513	2.745	2.735	2.943	2.816	1.845	2.307	2.569	2.307	2.603	2.376	2.489	2.612	2.476	2.827	2.605	2.557	2.864	2.414	2.658	2.53257	1250629.0	1839389.471995
sub-2996531	2.399	2.344	2.675	1.834	3.267	2.68	2.651	2.803	2.242	2.349	2.946	2.01	2.43	2.97	2.304	2.812	2.757	2.746	2.553	1.588	2.072	2.539	2.568	2.63	2.407	2.565	2.862	2.364	2.754	2.667	2.795	3.434	2.093	2.778	2.56877	1311050.0	1783444.244695
sub-0027005	2.715	2.506	2.744	2.04	2.682	2.656	2.644	2.989	2.357	2.297	2.694	2.109	2.371	2.809	2.884	2.567	2.619	2.885	2.657	1.799	2.301	2.43	2.763	2.535	2.804	2.518	3.036	2.394	2.837	2.764	2.842	3.259	2.469	3.087	2.61563	1048905.0	1506119.589377
sub-0010013	2.54	2.303	2.942	2.258	3.263	2.555	2.707	2.518	2.359	2.212	3.116	2.15	2.711	3.011	2.165	2.729	2.857	3.025	2.792	1.917	2.155	2.403	2.735	2.708	2.935	2.755	3.175	2.442	2.787	2.605	3.738	3.319	2.48	2.55	2.65769	903479.0	1472697.438304
sub-0015048	3.352	2.509	2.729	2.103	3.109	2.924	2.867	3.148	2.588	2.429	2.752	2.321	2.607	3.176	2.921	2.672	2.812	2.64	2.726	1.971	2.285	2.498	2.724	2.671	2.972	2.591	2.988	2.496	3.298	2.881	3.014	3.938	2.756	3.196	2.73663	1138789.0	1491867.125718
sub-0016050	2.726	2.403	2.752	2.065	2.828	2.628	2.651	2.759	2.374	2.266	2.68	2.235	2.601	2.937	2.545	2.499	2.853	2.782	2.664	2.029	2.243	2.528	2.683	2.556	2.737	2.56	2.871	2.36	2.865	2.695	2.764	2.797	2.726	2.854	2.59144	1342360.0	1764602.150173
sub-1502229	2.728	2.512	2.923	2.137	3.078	2.842	2.618	2.95	2.558	2.276	2.973	2.115	2.5	2.938	2.547	2.879	2.842	2.993	2.819	1.627	2.331	2.671	2.85	2.821	2.883	2.566	2.949	2.533	2.986	2.696	3.197	3.612	2.619	3.032	2.68607	1203955.0	1586598.313299
sub-0015041	2.85	2.498	2.783	1.951	2.831	2.903	2.627	2.972	2.63	2.308	2.72	2.069	2.449	2.996	2.472	2.69	2.792	2.618	2.587	1.597	2.18	2.525	2.689	2.597	2.726	2.488	2.831	2.372	2.961	2.679	2.38	3.602	2.62	3.024	2.60092	1256359.0	1702915.688415
sub-0021046	2.644	2.308	2.748	2.081	2.702	2.461	2.676	2.552	2.28	2.277	3.008	2.101	2.622	2.774	2.171	2.582	2.721	3.053	2.617	2.002	2.144	2.124	2.59	2.771	2.602	2.661	2.999	2.501	2.804	2.592	3.517	2.675	2.561	2.903	2.60304	1192997.0	1629175.481348
sub-0021041	2.582	2.56	3.002	1.989	2.895	2.746	2.857	2.923	2.277	2.398	3.038	2.096	2.519	3.02	2.25	2.749	2.732	3.026	2.817	1.903	2.119	2.4	2.701	2.749	2.857	2.907	3.099	2.537	2.998	2.761	3.209	3.679	2.276	2.567	2.70244	1144376.0	1509436.770806
sub-0010104	2.758	2.299	2.485	1.786	3.282	2.707	2.596	2.82	2.356	2.079	2.83	1.998	2.58	2.931	2.448	2.689	2.74	2.888	2.87	1.596	2.104	2.383	2.564	2.525	2.45	2.466	2.882	2.273	3.007	2.606	2.958	3.856	2.85	2.949	2.55594	1354434.0	1844081.656525
sub-0015015	2.691	2.416	2.819	2.204	2.928	2.917	2.795	3.037	2.728	2.313	3.013	2.104	2.911	3.063	2.733	2.591	2.983	3.095	2.695	1.656	2.249	2.572	2.648	2.679	3.138	2.848	3.115	2.396	3.058	2.806	3.088	3.469	2.979	2.977	2.71622	948440.0	1244951.263338
sub-0010103	2.634	2.759	2.631	2.267	2.968	2.609	2.573	2.835	2.242	2.437	2.609	2.262	2.558	2.812	2.376	2.736	2.776	3.057	2.715	1.736	2.14	2.629	2.652	2.71	2.864	2.581	2.729	2.336	3.026	2.641	2.431	3.516	2.71	2.588	2.59387	1197593.0	1649946.415928
sub-5971050	2.768	2.542	2.77	2.105	2.772	2.614	2.705	2.909	2.6	2.328	2.961	2.217	2.646	2.838	2.131	2.766	2.422	3.134	2.605	1.719	2.171	2.433	2.512	2.632	2.49	2.789	2.917	2.479	2.862	2.621	3.006	3.173	2.366	2.684	2.6203	1069494.0	1445786.051912
sub-0025014	2.804	2.508	2.73	2.107	2.735	2.935	2.77	3.143	2.334	2.423	2.814	2.272	2.67	3.065	2.749	2.873	2.858	2.788	2.687	1.615	2.242	2.484	2.714	2.638	2.773	2.494	2.885	2.452	2.961	2.774	3.021	3.724	2.438	2.907	2.67685	1100902.0	1478780.433432
sub-0015023	3.024	2.563	2.853	2.423	3.304	3.012	2.881	2.88	2.499	2.609	2.895	2.463	2.807	3.118	3.151	2.815	3.047	3.114	2.713	1.809	2.457	2.541	2.752	2.783	2.804	2.67	3.093	2.595	3.135	2.778	2.807	3.669	2.857	3.118	2.78176	1064538.0	1394591.658788
sub-3560456	2.152	2.764	2.761	2.264	2.67	2.579	2.609	2.794	2.859	2.304	2.532	2.511	3.009	2.968	2.889	2.961	2.911	2.683	3.117	1.998	2.422	3.012	2.517	2.639	2.912	2.763	2.906	2.462	2.952	2.611	2.672	2.554	2.891	2.947	2.67422	898976.0	1354002.724299
sub-0015024	2.935	2.471	2.824	2.277	3.226	2.943	2.873	3.035	2.418	2.38	2.766	2.237	2.702	3.185	2.833	2.664	2.746	2.609	2.626	1.671	2.228	2.671	2.596	2.771	3.002	2.603	2.957	2.549	2.85	2.822	2.981	3.025	2.572	3.068	2.70025	1202962.0	1595519.627099
sub-0021023	2.781	2.305	2.833	2.003	2.741	2.774	2.635	2.91	2.41	2.285	2.945	2.285	2.417	2.982	2.236	2.815	2.705	3.387	2.759	1.732	2.125	2.506	2.678	2.635	2.422	2.713	3.055	2.404	2.876	2.746	3.042	3.374	2.445	2.646	2.6391	1077991.0	1450618.356487
sub-0015040	2.463	2.344	2.493	2.107	2.988	2.704	2.468	2.714	2.287	2.221	2.643	2.181	2.451	2.896	2.778	2.492	2.733	2.702	2.48	1.869	2.109	2.467	2.514	2.439	2.72	2.412	2.629	2.159	2.82	2.627	2.756	3.873	2.406	2.898	2.49157	1268920.0	1729302.611806
sub-0015049	2.888	2.298	2.861	2.256	2.852	2.946	2.8	2.886	2.692	2.476	2.836	2.322	2.663	3.13	2.732	2.769	2.822	2.85	2.606	1.767	2.325	2.654	2.702	2.655	2.999	2.536	2.928	2.476	2.973	2.852	3.153	3.482	2.503	3.183	2.71101	1331197.0	1754432.03814
sub-4053388	2.941	2.475	2.773	2.054	3.229	2.861	2.705	2.836	2.525	2.344	2.741	2.26	2.654	3.124	2.687	2.689	2.744	2.741	2.727	1.784	2.202	2.527	2.693	2.601	3.053	2.633	2.927	2.39	3.074	2.715	3.534	3.677	2.624	3.064	2.67572	1178326.0	1579697.003714
sub-4134561	2.636	2.214	2.649	2.076	2.649	2.643	2.579	2.738	2.34	2.28	2.649	2.027	2.382	2.76	2.432	2.308	2.782	2.803	2.662	1.846	2.446	2.428	2.281	2.403	2.693	2.489	2.736	2.2	2.931	2.721	2.505	2.712	2.695	2.721	2.51297	1431923.0	1942238.032312
sub-8991934	2.489	2.291	2.67	2.001	2.608	2.52	2.609	2.787	2.466	2.303	2.498	2.086	2.401	2.85	2.339	2.455	2.803	2.645	2.468	1.719	2.171	2.457	2.703	2.361	2.386	2.408	2.778	2.275	2.614	2.627	2.384	3.813	2.293	2.642	2.49232	1156174.0	1608944.770616
sub-0021022	2.73	2.451	2.883	2.219	3.235	2.834	2.729	2.979	2.533	2.284	3.243	2.406	2.827	2.96	2.522	2.907	2.724	2.951	2.685	2.023	2.293	2.326	2.805	2.807	2.558	2.749	3.089	2.703	2.902	2.718	3.054	3.44	2.319	2.665	2.7355	966507.0	1265760.535106
sub-0015025	3.151	2.434	2.76	2.262	2.891	2.942	2.737	3.08	2.212	2.431	2.863	2.366	2.65	3.201	2.832	2.866	2.844	2.927	2.841	1.797	2.439	2.579	2.804	2.712	2.743	2.564	2.947	2.571	3.03	2.794	3.378	3.517	2.884	2.938	2.75529	1145545.0	1514195.516875
sub-2601519	2.577	2.56	2.682	1.897	3.301	2.852	2.706	2.939	2.434	2.308	2.679	2.178	2.536	3.072	2.907	2.669	2.707	2.838	2.616	1.542	2.136	2.756	2.624	2.501	2.926	2.554	2.837	2.402	2.994	2.699	3.17	3.362	2.419	3.018	2.61283	1240677.0	1701670.346053
sub-0015022	2.938	2.439	2.805	2.254	2.91	2.823	2.856	2.934	2.35	2.469	2.731	2.204	2.58	3.12	2.762	2.866	2.929	2.775	2.771	1.934	2.382	2.577	2.672	2.767	3.05	2.507	2.923	2.607	3.074	2.853	2.556	3.822	2.685	3.271	2.73834	1265659.0	1656782.639791
sub-0021025	2.634	2.235	2.813	2.309	2.949	2.622	2.767	3.033	2.614	2.3	2.999	2.13	2.481	2.856	1.836	2.732	2.532	3.13	2.659	1.9	2.229	2.308	2.652	2.75	2.28	2.597	2.993	2.483	2.955	2.753	3.136	3.542	2.27	2.545	2.6338	1144390.0	1533815.635411
sub-4265987	2.775	2.433	2.706	1.972	3.057	2.932	2.656	2.893	2.308	2.222	2.734	2.142	2.767	3.165	2.457	2.555	2.838	2.679	2.522	1.783	2.311	2.639	2.679	2.659	2.927	2.63	2.977	2.375	3.028	2.75	2.964	3.222	2.457	3.181	2.65839	1256852.0	1774257.639898
sub-0015014	2.872	2.672	2.707	2.336	3.122	2.925	2.745	2.853	2.45	2.419	2.803	2.34	2.678	2.967	2.7	2.852	2.765	2.814	2.769	2.102	2.359	2.619	2.674	2.715	2.955	2.606	3.047	2.503	2.999	2.779	2.785	3.884	2.954	2.997	2.72365	1178912.0	1552839.891953
sub-0021013	2.67	2.202	2.91	2.096	3.262	2.684	2.721	2.869	2.378	2.304	3.037	2.352	2.442	2.931	2.355	2.609	2.651	3.25	2.831	1.857	2.209	2.603	2.694	2.764	2.434	2.79	3.025	2.517	3.026	2.796	3.326	3.119	2.181	2.627	2.66749	1209414.0	1665664.147374
sub-3349423	2.836	2.21	2.587	1.989	3.083	2.738	2.598	2.873	2.405	2.258	2.756	2.308	2.481	2.929	2.458	2.552	2.714	3.057	2.788	1.691	2.193	2.448	2.605	2.642	2.569	2.53	2.873	2.362	2.971	2.607	3.029	3.894	2.665	2.886	2.60368	1441157.0	1970172.303323
sub-0010102	2.381	2.174	2.499	1.976	2.338	2.202	2.161	2.348	2.266	2.077	2.487	2.175	2.401	2.463	2.152	2.279	2.423	2.425	2.436	1.78	2.002	2.343	2.363	2.24	2.776	2.359	2.669	2.087	2.441	2.281	2.859	2.644	1.821	2.43	2.30348	1288105.0	1852794.285309
sub-0015013	3.16	2.493	2.841	2.413	3.013	3.195	2.869	3.123	2.621	2.583	2.967	2.387	2.729	3.229	3.003	2.719	3.025	2.877	2.436	2.033	2.36	2.551	2.755	2.779	2.935	2.543	2.998	2.54	3.233	2.81	2.856	3.698	2.924	3.091	2.79752	1327632.0	1737457.82199
sub-0021009	2.516	2.308	2.964	2.051	2.981	2.804	2.709	2.746	2.454	2.322	2.961	2.276	2.47	2.989	2.426	2.815	2.662	3.281	2.788	1.786	2.289	2.481	2.867	2.656	2.472	2.835	3.136	2.561	2.979	2.805	3.081	3.805	2.261	2.581	2.70526	1035080.0	1371560.362081
sub-3999344	2.591	2.203	2.955	2.186	2.885	2.747	2.719	2.747	2.283	2.411	2.666	2.388	2.545	2.916	2.149	2.943	2.803	3.185	2.98	1.956	2.487	2.387	2.866	2.719	2.413	2.778	3.152	2.54	2.875	2.76	2.537	3.075	2.38	2.477	2.69343	1114613.0	1497712.365795
sub-0015036	2.726	2.511	2.836	2.023	3.035	2.832	2.681	2.999	2.683	2.365	2.86	2.204	2.709	3.089	2.95	2.615	2.826	2.972	2.701	1.86	2.257	2.491	2.742	2.63	2.869	2.54	2.939	2.386	3.163	2.798	2.853	3.736	2.936	3.021	2.6872	1139752.0	1498126.603625
sub-0025001	2.806	2.363	2.738	1.929	3.167	2.958	2.541	2.979	2.23	2.211	2.688	2.409	2.536	3.055	2.727	2.646	2.899	2.822	2.792	2.05	2.256	2.426	2.78	2.495	2.735	2.439	2.834	2.311	3.023	2.759	2.84	3.365	2.675	3.017	2.63944	915365.0	1251297.195394
sub-0010116	2.57	1.942	2.668	1.887	3.177	2.584	2.436	2.733	2.237	2.079	2.799	2.225	2.446	2.803	2.561	2.607	2.781	2.876	2.793	1.768	2.241	2.385	2.737	2.448	2.642	2.511	2.836	2.215	2.949	2.531	2.857	3.666	2.77	2.582	2.52638	1284196.0	1748689.20535
sub-0015038	2.728	2.46	2.725	2.218	2.805	2.951	2.825	2.976	2.455	2.389	2.672	2.225	2.259	3.103	3.168	2.74	2.752	2.828	2.66	1.991	2.387	2.719	2.722	2.808	2.838	2.59	3.068	2.508	3.049	2.866	2.734	2.813	2.798	3.256	2.71551	1261203.0	1690317.773505
sub-1208586	2.702	2.375	2.547	1.792	2.408	2.592	2.568	2.693	2.19	2.148	2.478	2.076	2.344	2.87	2.38	2.362	2.57	2.633	2.397	1.52	2.052	2.248	2.394	2.351	2.391	2.395	2.656	2.252	2.838	2.539	2.585	2.414	2.278	2.773	2.43262	1132106.0	1582668.363087
sub-0010111	2.646	2.545	2.709	2.125	2.555	2.374	2.519	2.343	2.117	2.309	2.342	2.194	2.57	2.744	2.112	2.402	2.549	3.0	2.531	1.776	2.061	2.381	2.495	2.518	2.706	2.616	2.83	2.355	2.696	2.39	3.83	2.353	2.281	2.457	2.47114	1143522.0	1559175.486239
sub-0016074	2.714	2.206	2.63	1.986	2.974	2.808	2.64	2.865	2.06	2.348	2.678	2.084	2.481	2.87	3.026	2.46	2.788	2.769	2.602	1.833	2.23	2.285	2.635	2.537	2.709	2.352	2.793	2.355	2.951	2.65	3.125	3.838	2.495	2.959	2.57139	1030399.0	1387834.905927
sub-4046678	2.92	2.5	2.79	2.177	3.533	2.958	2.77	3.06	2.439	2.474	2.829	2.416	2.628	3.075	3.128	2.825	3.07	3.107	2.811	1.674	2.355	2.543	2.775	2.672	3.157	2.537	2.96	2.371	3.23	2.707	2.986	4.011	2.853	3.152	2.73455	1205827.0	1633386.131668
sub-1696588	2.539	2.86	2.788	2.123	2.58	2.544	2.674	2.82	2.695	2.279	2.517	2.268	2.94	2.76	2.879	2.628	2.746	2.899	3.149	1.808	2.087	2.889	2.52	2.588	3.199	2.822	2.973	2.415	2.508	2.623	3.648	2.37	2.259	2.971	2.585	962325.0	1356059.511026
sub-3994098	2.487	2.402	2.63	1.905	2.62	2.71	2.614	2.786	2.355	2.366	2.71	2.186	2.48	2.843	2.385	2.586	2.698	2.608	2.729	1.613	2.12	2.501	2.684	2.541	2.736	2.475	2.846	2.363	2.837	2.658	3.15	2.983	2.248	2.781	2.55624	1185068.0	1623664.192153
sub-0016045	2.478	2.643	2.633	2.188	2.892	2.714	2.592	2.701	2.169	2.258	2.639	2.224	2.471	2.8	2.811	2.393	2.593	2.705	2.606	1.894	2.172	2.434	2.511	2.506	3.091	2.479	2.694	2.345	2.78	2.568	2.943	3.543	2.536	2.94	2.53397	1047801.0	1385082.526708
sub-8191384	2.935	2.46	2.716	1.738	2.858	2.642	2.669	2.943	2.332	2.144	3.088	1.907	2.673	3.176	2.49	2.699	2.844	3.186	2.95	1.405	2.069	2.469	2.568	2.535	2.686	2.784	2.995	2.289	3.221	2.815	3.288	3.487	2.394	2.817	2.62599	1128683.0	1497598.583188
sub-1481430	3.031	2.497	2.854	1.954	3.228	2.845	2.708	2.964	2.483	2.494	2.951	2.281	2.563	3.207	2.722	2.713	2.921	2.949	2.959	1.905	2.414	2.584	2.775	2.631	3.008	2.515	2.911	2.462	3.299	2.852	2.518	3.584	2.854	3.273	2.7403	1388274.0	1843595.471018
sub-0025009	2.697	2.623	2.611	2.073	2.965	2.923	2.512	2.89	2.365	2.355	2.675	2.12	2.504	2.898	2.7	2.61	2.726	2.72	2.545	1.695	2.196	2.622	2.704	2.594	2.666	2.416	2.761	2.161	2.992	2.734	2.789	3.28	2.776	3.128	2.58646	1425211.0	1949827.897729
sub-0021006	2.388	2.098	2.914	2.075	2.777	2.693	2.699	2.623	2.524	2.23	2.916	2.192	2.568	2.76	2.058	2.876	2.703	3.116	2.612	1.884	2.244	2.102	2.774	2.595	2.624	2.816	3.105	2.487	2.746	2.638	2.909	3.39	1.976	2.51	2.61276	1180522.0	1575212.388142
sub-0015008	2.906	2.288	2.698	2.296	3.18	2.748	2.678	3.068	2.49	2.437	2.787	2.188	2.71	3.011	3.001	2.677	2.775	2.77	2.665	1.798	2.266	2.394	2.664	2.662	2.916	2.622	2.915	2.424	2.98	2.642	3.444	3.766	2.667	2.699	2.6501	1204403.0	1591369.815205
sub-0015037	2.499	2.338	2.79	2.143	3.485	3.021	2.703	3.103	2.567	2.433	2.826	2.13	2.765	3.009	2.973	2.805	2.829	3.164	2.606	1.81	2.364	2.548	2.806	2.709	2.609	2.567	2.975	2.501	3.209	2.889	3.083	3.386	2.759	3.152	2.734	1256135.0	1677088.163487
sub-0021030	2.727	2.358	2.751	1.896	3.074	2.93	2.636	2.951	2.472	2.288	2.732	2.265	2.53	3.096	2.361	2.554	2.792	2.89	2.657	1.704	2.039	2.472	2.549	2.713	2.552	2.638	2.828	2.437	3.172	2.614	2.671	3.72	2.484	2.812	2.61411	1230447.0	1655228.707656
sub-0010119	2.691	2.423	2.685	2.185	2.557	2.764	2.837	2.714	2.382	2.412	2.366	2.367	2.692	2.991	2.524	2.626	2.767	2.863	2.609	2.099	2.331	2.632	2.505	2.642	2.919	2.728	3.108	2.479	2.817	2.836	3.667	2.514	2.588	2.437	2.65069	1095413.0	1554457.586446
sub-0021008	2.613	2.214	2.679	1.985	2.747	2.699	2.694	2.706	2.444	2.235	2.511	2.266	2.587	2.886	2.854	2.605	2.583	2.662	2.725	1.694	2.27	2.517	2.519	2.546	2.359	2.578	2.992	2.347	3.002	2.598	2.752	3.201	2.617	2.491	2.57729	1090455.0	1501891.030372
sub-0015030	2.813	2.608	2.765	1.925	3.124	3.018	2.766	2.978	2.635	2.28	2.813	2.185	2.667	3.175	2.801	2.764	2.806	3.081	2.677	1.662	2.26	2.598	2.715	2.631	2.939	2.508	2.933	2.4	3.066	2.836	3.109	3.597	2.703	3.165	2.69827	1179397.0	1633118.268749
sub-0010126	2.849	2.457	2.745	2.2	3.095	2.932	2.736	2.925	2.54	2.404	2.949	2.279	2.669	3.093	2.353	2.733	2.798	3.151	2.882	1.681	2.261	2.45	2.879	2.842	2.834	2.866	3.069	2.692	3.037	2.744	3.474	3.6	2.809	2.904	2.75166	1290726.0	1726140.211001
sub-4221029	2.709	2.763	2.748	2.065	2.982	2.888	2.703	2.824	2.421	2.3	2.712	2.126	2.508	3.012	2.831	2.449	3.046	2.906	2.844	1.739	2.369	2.39	2.552	2.526	2.998	2.575	2.907	2.281	2.918	2.628	3.121	3.255	2.729	2.951	2.62454	1257421.0	1779907.781906
sub-4079254	2.73	2.208	2.696	1.95	2.833	2.636	2.569	2.678	2.483	2.275	2.624	2.136	2.297	2.834	2.344	2.671	2.67	2.695	2.777	1.654	2.258	2.396	2.593	2.615	2.308	2.484	2.781	2.292	2.816	2.621	3.147	2.885	2.379	2.461	2.51566	1203121.0	1604969.52203
sub-0016086	2.716	2.316	2.631	1.855	3.218	2.71	2.583	2.802	2.351	2.303	2.704	2.102	2.551	3.037	2.612	2.61	2.722	2.608	2.504	1.69	2.235	2.541	2.684	2.572	2.789	2.382	2.801	2.376	2.9	2.719	2.724	3.083	2.75	2.78	2.5699	1276094.0	1716478.419675
sub-0023026	3.083	2.814	2.95	2.316	2.968	2.973	2.879	3.211	2.714	2.471	2.957	2.49	2.601	3.207	2.674	2.82	2.958	3.183	2.761	2.045	2.448	2.666	2.921	2.738	3.116	2.536	3.119	2.579	3.272	2.951	3.266	3.66	3.089	3.168	2.83066	1019020.0	1377699.454814
sub-0010036	2.551	2.197	2.825	2.261	2.993	2.598	2.653	2.657	2.557	2.328	2.624	2.263	2.431	2.651	2.146	2.682	2.445	2.968	2.445	2.066	2.213	2.371	2.593	2.623	2.595	2.894	2.966	2.645	2.546	2.468	3.101	2.621	2.243	2.251	2.56822	1116463.0	1558252.379391
sub-7504392	2.785	2.508	2.708	1.824	3.118	2.674	2.756	3.043	2.644	2.372	2.678	1.994	2.549	2.975	2.739	2.405	2.733	3.003	2.736	1.757	2.109	2.538	2.724	2.484	2.805	2.615	2.938	2.444	3.012	2.84	2.728	3.524	3.016	2.937	2.65335	983604.0	1356207.161938
sub-9956994	2.488	2.221	2.666	1.791	2.808	2.619	2.607	2.824	2.255	2.258	2.709	2.009	2.46	2.69	2.741	2.488	2.664	2.67	2.508	1.775	1.895	2.306	2.603	2.379	2.605	2.361	2.803	2.222	2.77	2.54	2.752	3.834	2.468	2.765	2.49227	1133814.0	1529725.850146
sub-0027011	2.784	2.362	2.542	2.016	2.675	2.559	2.56	2.824	2.198	2.289	2.581	2.047	2.41	3.026	2.625	2.219	2.526	2.625	2.318	1.699	2.031	2.33	2.366	2.33	2.507	2.284	2.635	2.167	2.909	2.548	2.745	3.657	2.32	2.923	2.46328	1427532.0	2031015.44529
sub-0010038	2.562	2.208	2.713	1.95	3.028	2.744	2.51	2.779	2.296	2.167	2.742	2.056	2.647	2.874	2.097	2.754	2.696	2.991	2.811	1.673	2.208	2.315	2.608	2.467	2.417	2.702	2.912	2.435	2.996	2.679	3.181	3.418	2.606	2.641	2.57556	1133112.0	1526248.004289
sub-0027018	2.543	2.269	2.568	1.837	2.831	2.659	2.444	2.715	2.165	2.206	2.531	2.0	2.51	2.572	2.68	2.34	2.541	2.47	2.549	1.718	2.212	2.406	2.48	2.341	2.681	2.33	2.561	2.117	2.846	2.533	2.478	3.28	2.551	2.814	2.43975	1261975.0	1765637.401198
sub-0010007	2.659	2.091	2.886	2.013	3.329	2.638	2.589	2.887	2.347	2.258	2.686	1.99	2.602	2.821	2.026	3.005	2.701	3.143	2.776	1.814	2.378	2.336	2.739	2.725	2.171	2.692	3.171	2.513	2.824	2.79	3.621	2.902	2.459	2.805	2.65063	1125175.0	1497749.427796
sub-4919979	2.84	2.677	2.616	2.015	2.458	2.481	2.514	2.879	2.322	2.271	2.638	2.174	2.48	2.672	2.479	2.489	2.636	2.685	2.659	1.698	2.291	2.465	2.372	2.391	2.546	2.608	2.807	2.232	2.869	2.76	2.871	2.901	2.73	2.906	2.51801	1342600.0	1863231.176475
sub-0027020	2.368	2.392	2.414	1.795	2.664	2.467	2.397	2.588	2.315	2.091	2.385	1.97	2.285	2.77	2.666	2.308	2.628	2.639	2.64	1.701	2.051	2.239	2.471	2.223	2.825	2.366	2.648	2.105	2.641	2.414	2.868	2.967	2.204	2.682	2.3741	1024536.0	1445331.857195
sub-0010054	2.569	2.176	2.781	1.964	3.094	2.69	2.725	2.828	2.23	2.232	2.844	2.184	2.644	2.859	2.6	2.722	2.834	3.052	2.755	1.671	2.1	2.426	2.811	2.731	2.323	2.537	3.075	2.453	2.947	2.769	2.819	3.519	2.451	2.486	2.633	1023434.0	1388663.615455
sub-4529116	2.584	2.474	2.688	2.007	3.141	2.937	2.684	2.878	2.605	2.352	2.846	2.199	2.511	3.081	2.68	2.722	2.797	3.08	2.635	1.802	2.302	2.679	2.64	2.628	2.939	2.612	2.824	2.396	2.968	2.762	3.26	3.829	2.733	3.081	2.66958	1102594.0	1475677.76461
sub-0010091	2.567	2.306	2.82	1.867	2.181	2.708	2.714	2.751	2.444	2.303	2.428	2.407	2.392	2.966	2.644	2.62	2.716	2.841	2.696	1.751	2.159	2.504	2.433	2.69	2.446	2.715	2.821	2.246	2.751	2.665	3.085	2.793	2.252	2.524	2.54687	1144122.0	1601842.314137
sub-0010096	2.58	2.142	2.706	2.049	2.705	2.808	2.535	2.772	2.384	2.305	2.778	2.213	2.676	2.881	2.123	2.6	2.578	2.953	2.791	1.685	2.134	2.557	2.527	2.591	2.351	2.513	2.983	2.329	2.963	2.489	3.087	2.751	2.272	2.575	2.56926	1292306.0	1758056.436789
sub-0010062	2.622	2.252	2.469	1.748	2.774	2.463	2.37	2.546	2.18	2.011	2.341	1.956	2.429	2.754	2.473	2.473	2.439	2.51	2.323	1.558	2.079	2.307	2.465	2.382	2.618	2.4	2.76	2.141	2.807	2.662	2.783	2.963	2.726	2.563	2.40106	1328274.0	1814577.647404
sub-3993793	2.85	2.317	2.637	1.913	2.739	2.783	2.584	2.792	2.353	2.17	2.745	2.066	2.562	3.016	2.706	2.413	2.758	2.79	2.576	1.566	2.159	2.437	2.561	2.468	2.746	2.46	2.782	2.319	2.917	2.579	3.119	3.27	2.56	2.881	2.53811	1273226.0	1708691.2596
sub-0010039	2.682	2.257	2.578	1.988	2.416	2.512	2.455	2.729	2.594	2.171	2.561	2.019	2.266	2.916	2.168	2.698	2.817	2.739	2.782	1.7	2.025	2.659	2.542	2.569	2.445	2.577	2.81	2.289	2.832	2.512	2.901	3.1	2.428	2.727	2.51432	1140274.0	1541011.568546
sub-5669389	2.455	2.515	2.701	1.723	2.986	2.596	2.551	2.706	2.237	2.154	2.885	1.79	2.508	2.796	2.481	2.32	2.799	2.878	2.63	1.249	2.023	2.255	2.627	2.366	3.024	2.598	2.864	2.293	2.819	2.57	3.081	3.52	2.283	2.927	2.50674	1304314.0	1745281.460326
sub-8697774	2.656	2.246	2.572	2.049	2.857	2.453	2.505	2.335	2.361	2.466	2.508	2.147	2.546	2.652	2.169	2.976	2.485	2.783	2.932	1.713	2.269	2.216	2.575	2.749	2.284	2.825	3.028	2.357	2.592	2.44	3.276	2.509	2.231	2.574	2.54867	1103849.0	1549892.940483
sub-0010030	2.682	2.27	2.734	1.983	2.583	2.843	2.585	2.952	2.312	2.292	2.836	2.288	2.674	2.932	2.68	2.83	2.832	2.997	2.841	1.867	2.071	2.582	2.706	2.691	2.228	2.807	3.106	2.322	2.955	2.741	3.525	3.533	2.344	2.479	2.64306	1309756.0	1797263.568941
sub-9578631	2.656	2.777	2.699	1.854	3.059	2.79	2.516	2.762	2.404	2.295	2.76	2.191	2.477	2.991	2.674	2.472	2.789	2.722	2.592	1.979	2.131	2.651	2.542	2.488	2.866	2.451	2.959	2.159	2.907	2.464	2.928	3.348	2.46	3.063	2.55366	1276557.0	1774853.654183
sub-0010008	2.802	2.255	2.958	1.831	2.652	2.756	2.588	2.65	2.474	2.242	2.746	2.05	2.621	2.868	2.479	2.702	3.026	3.046	2.859	1.708	2.251	2.275	2.674	2.614	2.484	2.633	3.216	2.363	2.996	2.767	3.109	2.999	2.37	2.775	2.6428	1083838.0	1478760.093827
sub-7011503	2.88	2.904	2.856	2.124	2.969	2.847	2.783	2.892	2.442	2.432	2.684	2.266	2.494	3.173	2.621	2.735	2.71	2.923	2.749	1.711	2.344	2.516	2.709	2.541	2.927	2.583	2.993	2.447	3.122	2.83	3.012	3.384	2.79	2.999	2.68871	1296215.0	1703519.953413
sub-0010037	2.545	2.157	2.67	1.949	2.636	2.683	2.479	2.575	2.364	2.32	2.677	2.091	2.702	2.719	1.885	2.571	2.832	2.993	2.602	1.743	2.098	2.319	2.621	2.553	2.608	2.645	2.953	2.393	2.923	2.618	2.788	3.172	2.61	2.678	2.54858	1271891.0	1715321.010814
sub-0010063	2.691	2.045	2.828	1.877	3.03	2.817	2.59	2.891	2.368	2.237	2.986	2.217	2.375	2.946	2.495	2.699	2.926	3.033	2.676	1.681	2.035	2.414	2.744	2.576	2.453	2.486	3.064	2.252	3.067	2.658	2.989	3.949	2.421	2.736	2.61856	1049917.0	1417818.712448
sub-0010090	2.646	2.408	2.432	2.013	2.776	2.67	2.427	2.634	2.281	2.145	2.757	2.212	2.437	2.897	2.551	2.636	2.492	2.757	2.62	1.703	2.249	2.449	2.583	2.532	2.384	2.402	2.752	2.261	2.91	2.648	2.567	3.366	2.098	2.418	2.49995	1225411.0	1634515.516587
sub-4072305	2.789	2.856	2.864	2.503	3.364	3.046	2.842	3.049	2.627	2.414	2.966	2.42	2.627	3.186	3.084	2.981	2.926	3.337	3.027	1.936	2.352	2.844	2.829	2.743	3.098	2.666	3.071	2.696	3.334	3.014	2.784	2.589	2.754	3.346	2.84268	1053586.0	1379271.315851
sub-0010064	2.844	2.306	2.79	1.855	3.211	3.029	2.749	3.029	2.3	2.273	2.801	2.171	2.515	3.188	2.57	2.775	2.958	3.05	2.641	1.702	2.206	2.479	2.802	2.746	2.472	2.704	3.034	2.49	3.149	2.935	3.124	3.775	2.647	2.641	2.70469	1306740.0	1819906.279746
sub-1418396	3.026	2.529	2.829	2.063	3.579	2.825	2.824	2.946	2.544	2.337	2.906	2.193	2.573	3.121	2.843	2.621	3.031	2.974	2.692	1.618	2.44	2.642	2.782	2.773	2.928	2.707	3.094	2.62	3.1	2.953	3.468	3.779	2.657	3.055	2.75691	1416177.0	1844866.70991
sub-0010052	2.441	2.309	2.585	1.687	3.107	2.61	2.398	2.645	2.35	2.068	2.671	1.99	2.44	2.763	2.388	2.395	2.748	3.07	2.573	1.627	1.964	2.406	2.38	2.324	2.608	2.523	2.856	2.148	2.766	2.529	2.975	3.789	2.047	2.657	2.44248	1104744.0	1506635.301109
sub-0010099	2.665	2.131	2.558	2.04	3.092	2.722	2.607	2.746	2.259	2.257	2.744	2.262	2.39	2.705	2.276	2.673	2.64	2.968	2.727	2.006	2.186	2.374	2.533	2.699	2.61	2.734	2.913	2.423	2.734	2.582	2.93	3.183	2.138	2.734	2.57369	1188422.0	1593585.983576
sub-3302025	2.965	2.606	2.524	2.022	2.845	2.737	2.775	2.79	2.356	2.492	2.781	2.278	2.596	2.996	2.84	2.515	2.835	3.038	2.687	1.931	2.199	2.534	2.674	2.556	3.058	2.495	2.821	2.445	3.02	2.722	3.044	3.52	2.88	2.971	2.64417	1102620.0	1489323.960654
